40.000000
15.204877
4.770962
1.529212
0.497503
0.163614
0.054248
0.018101
0.006071
0.002045
0.000691
0.000234
0.000080
0.000027
0.000009
0.000003
0.000001
0.000000
0.000000
0.000000
0.000000
0.000000
0.000000
0.000000
0.000000
0.000000
0.000000
0.000000
0.000000
0.000000
0.000000
0.000000
0.000000
0.000000
0.000000
0.000000
0.000000
0.000000
0.000000
0.000000
0.000000
40.000000
24.327803
7.633539
2.446740
0.796005
0.261783
0.086797
0.028962
0.009713
0.003271
0.001106
0.000375
0.000127
0.000043
0.000015
0.000005
0.000002
0.000001
0.000000
0.000000
0.000000
0.000000
0.000000
0.000000
0.000000
0.000000
0.000000
0.000000
0.000000
0.000000
0.000000
0.000000
0.000000
0.000000
0.000000
0.000000
0.000000
0.000000
0.000000
0.000000
0.000000
40.000000
27.923523
9.484769
3.192469
1.072500
0.360665
0.121543
0.041060
0.013905
0.004720
0.001606
0.000547
0.000187
0.000064
0.000022
0.000008
0.000003
0.000001
0.000000
0.000000
0.000000
0.000000
0.000000
0.000000
0.000000
0.000000
0.000000
0.000000
0.000000
0.000000
0.000000
0.000000
0.000000
0.000000
0.000000
0.000000
0.000000
0.000000
0.000000
0.000000
0.000000
40.000000
29.400766
10.525543
3.704067
1.289859
0.446382
0.153938
0.052988
0.018225
0.006267
0.002155
0.000742
0.000255
0.000088
0.000030
0.000010
0.000004
0.000001
0.000000
0.000000
0.000000
0.000000
0.000000
0.000000
0.000000
0.000000
0.000000
0.000000
0.000000
0.000000
0.000000
0.000000
0.000000
0.000000
0.000000
0.000000
0.000000
0.000000
0.000000
0.000000
0.000000
40.000000
30.032005
11.078888
4.024062
1.443703
0.513167
0.181169
0.063647
0.022281
0.007781
0.002712
0.000944
0.000329
0.000114
0.000040
0.000014
0.000005
0.000002
0.000001
0.000000
0.000000
0.000000
0.000000
0.000000
0.000000
0.000000
0.000000
0.000000
0.000000
0.000000
0.000000
0.000000
0.000000
0.000000
0.000000
0.000000
0.000000
0.000000
0.000000
0.000000
0.000000
40.000000
30.311609
11.366176
4.213646
1.545270
0.561363
0.202325
0.072453
0.025812
0.009158
0.003239
0.001142
0.000402
0.000141
0.000050
0.000017
0.000006
0.000002
0.000001
0.000000
0.000000
0.000000
0.000000
0.000000
0.000000
0.000000
0.000000
0.000000
0.000000
0.000000
0.000000
0.000000
0.000000
0.000000
0.000000
0.000000
0.000000
0.000000
0.000000
0.000000
0.000000
40.000000
30.439471
11.514026
4.322307
1.609204
0.594250
0.217798
0.079290
0.028698
0.010335
0.003706
0.001324
0.000472
0.000168
0.000059
0.000021
0.000007
0.000003
0.000001
0.000000
0.000000
0.000000
0.000000
0.000000
0.000000
0.000000
0.000000
0.000000
0.000000
0.000000
0.000000
0.000000
0.000000
0.000000
0.000000
0.000000
0.000000
0.000000
0.000000
0.000000
0.000000
40.000000
30.499580
11.590025
4.383318
1.648129
0.615775
0.228594
0.084338
0.030938
0.011290
0.004101
0.001483
0.000535
0.000192
0.000069
0.000025
0.000009
0.000003
0.000001
0.000000
0.000000
0.000000
0.000000
0.000000
0.000000
0.000000
0.000000
0.000000
0.000000
0.000000
0.000000
0.000000
0.000000
0.000000
0.000000
0.000000
0.000000
0.000000
0.000000
0.000000
0.000000
40.000000
30.528514
11.629199
4.417143
1.671270
0.629425
0.235855
0.087919
0.032605
0.012032
0.004420
0.001616
0.000589
0.000214
0.000077
0.000028
0.000010
0.000004
0.000001
0.000000
0.000000
0.000000
0.000000
0.000000
0.000000
0.000000
0.000000
0.000000
0.000000
0.000000
0.000000
0.000000
0.000000
0.000000
0.000000
0.000000
0.000000
0.000000
0.000000
0.000000
0.000000
40.000000
30.542722
11.649488
4.435753
1.684795
0.637876
0.240597
0.090375
0.033801
0.012587
0.004667
0.001723
0.000634
0.000232
0.000085
0.000031
0.000011
0.000004
0.000001
0.000001
0.000000
0.000000
0.000000
0.000000
0.000000
0.000000
0.000000
0.000000
0.000000
0.000000
0.000000
0.000000
0.000000
0.000000
0.000000
0.000000
0.000000
0.000000
0.000000
0.000000
0.000000
40.000000
30.549819
11.660056
4.445948
1.692603
0.643011
0.243623
0.092016
0.034635
0.012989
0.004853
0.001807
0.000670
0.000248
0.000091
0.000033
0.000012
0.000004
0.000002
0.000001
0.000000
0.000000
0.000000
0.000000
0.000000
0.000000
0.000000
0.000000
0.000000
0.000000
0.000000
0.000000
0.000000
0.000000
0.000000
0.000000
0.000000
0.000000
0.000000
0.000000
0.000000
40.000000
30.553415
11.665593
4.451521
1.697071
0.646086
0.245518
0.093088
0.035201
0.013273
0.004989
0.001869
0.000698
0.000260
0.000096
0.000036
0.000013
0.000005
0.000002
0.000001
0.000000
0.000000
0.000000
0.000000
0.000000
0.000000
0.000000
0.000000
0.000000
0.000000
0.000000
0.000000
0.000000
0.000000
0.000000
0.000000
0.000000
0.000000
0.000000
0.000000
0.000000
40.000000
30.555260
11.668512
4.454566
1.699610
0.647907
0.246686
0.093775
0.035578
0.013468
0.005086
0.001915
0.000719
0.000269
0.000101
0.000037
0.000014
0.000005
0.000002
0.000001
0.000000
0.000000
0.000000
0.000000
0.000000
0.000000
0.000000
0.000000
0.000000
0.000000
0.000000
0.000000
0.000000
0.000000
0.000000
0.000000
0.000000
0.000000
0.000000
0.000000
0.000000
40.000000
30.556216
11.670059
4.456229
1.701047
0.648976
0.247397
0.094208
0.035825
0.013601
0.005153
0.001948
0.000735
0.000277
0.000104
0.000039
0.000015
0.000005
0.000002
0.000001
0.000000
0.000000
0.000000
0.000000
0.000000
0.000000
0.000000
0.000000
0.000000
0.000000
0.000000
0.000000
0.000000
0.000000
0.000000
0.000000
0.000000
0.000000
0.000000
0.000000
0.000000
40.000000
30.556715
11.670883
4.457140
1.701858
0.649600
0.247826
0.094478
0.035983
0.013688
0.005200
0.001972
0.000746
0.000282
0.000106
0.000040
0.000015
0.000006
0.000002
0.000001
0.000000
0.000000
0.000000
0.000000
0.000000
0.000000
0.000000
0.000000
0.000000
0.000000
0.000000
0.000000
0.000000
0.000000
0.000000
0.000000
0.000000
0.000000
0.000000
0.000000
0.000000
40.000000
30.556979
11.671324
4.457638
1.702314
0.649961
0.248082
0.094645
0.036084
0.013746
0.005231
0.001988
0.000754
0.000286
0.000108
0.000041
0.000015
0.000006
0.000002
0.000001
0.000000
0.000000
0.000000
0.000000
0.000000
0.000000
0.000000
0.000000
0.000000
0.000000
0.000000
0.000000
0.000000
0.000000
0.000000
0.000000
0.000000
0.000000
0.000000
0.000000
0.000000
40.000000
30.557119
11.671561
4.457912
1.702571
0.650169
0.248234
0.094746
0.036147
0.013783
0.005251
0.001999
0.000760
0.000289
0.000109
0.000041
0.000016
0.000006
0.000002
0.000001
0.000000
0.000000
0.000000
0.000000
0.000000
0.000000
0.000000
0.000000
0.000000
0.000000
0.000000
0.000000
0.000000
0.000000
0.000000
0.000000
0.000000
0.000000
0.000000
0.000000
0.000000
40.000000
30.557193
11.671690
4.458062
1.702715
0.650289
0.248323
0.094808
0.036187
0.013806
0.005265
0.002006
0.000764
0.000291
0.000110
0.000042
0.000016
0.000006
0.000002
0.000001
0.000000
0.000000
0.000000
0.000000
0.000000
0.000000
0.000000
0.000000
0.000000
0.000000
0.000000
0.000000
0.000000
0.000000
0.000000
0.000000
0.000000
0.000000
0.000000
0.000000
0.000000
40.000000
30.557234
11.671759
4.458145
1.702795
0.650358
0.248376
0.094845
0.036211
0.013821
0.005274
0.002011
0.000767
0.000292
0.000111
0.000042
0.000016
0.000006
0.000002
0.000001
0.000000
0.000000
0.000000
0.000000
0.000000
0.000000
0.000000
0.000000
0.000000
0.000000
0.000000
0.000000
0.000000
0.000000
0.000000
0.000000
0.000000
0.000000
0.000000
0.000000
0.000000
40.000000
30.557255
11.671797
4.458191
1.702841
0.650397
0.248407
0.094867
0.036226
0.013831
0.005279
0.002014
0.000768
0.000293
0.000112
0.000042
0.000016
0.000006
0.000002
0.000001
0.000000
0.000000
0.000000
0.000000
0.000000
0.000000
0.000000
0.000000
0.000000
0.000000
0.000000
0.000000
0.000000
0.000000
0.000000
0.000000
0.000000
0.000000
0.000000
0.000000
0.000000
40.000000
30.557267
11.671818
4.458216
1.702866
0.650420
0.248425
0.094880
0.036235
0.013836
0.005283
0.002016
0.000769
0.000294
0.000112
0.000043
0.000016
0.000006
0.000002
0.000001
0.000000
0.000000
0.000000
0.000000
0.000000
0.000000
0.000000
0.000000
0.000000
0.000000
0.000000
0.000000
0.000000
0.000000
0.000000
0.000000
0.000000
0.000000
0.000000
0.000000
0.000000
40.000000
30.557273
11.671829
4.458230
1.702881
0.650432
0.248435
0.094888
0.036240
0.013840
0.005285
0.002018
0.000770
0.000294
0.000112
0.000043
0.000016
0.000006
0.000002
0.000001
0.000000
0.000000
0.000000
0.000000
0.000000
0.000000
0.000000
0.000000
0.000000
0.000000
0.000000
0.000000
0.000000
0.000000
0.000000
0.000000
0.000000
0.000000
0.000000
0.000000
0.000000
40.000000
30.557277
11.671835
4.458237
1.702889
0.650440
0.248441
0.094893
0.036243
0.013842
0.005286
0.002019
0.000771
0.000294
0.000112
0.000043
0.000016
0.000006
0.000002
0.000001
0.000000
0.000000
0.000000
0.000000
0.000000
0.000000
0.000000
0.000000
0.000000
0.000000
0.000000
0.000000
0.000000
0.000000
0.000000
0.000000
0.000000
0.000000
0.000000
0.000000
0.000000
40.000000
30.557279
11.671838
4.458242
1.702893
0.650444
0.248445
0.094895
0.036245
0.013844
0.005287
0.002019
0.000771
0.000294
0.000112
0.000043
0.000016
0.000006
0.000002
0.000001
0.000000
0.000000
0.000000
0.000000
0.000000
0.000000
0.000000
0.000000
0.000000
0.000000
0.000000
0.000000
0.000000
0.000000
0.000000
0.000000
0.000000
0.000000
0.000000
0.000000
0.000000
40.000000
30.557280
11.671840
4.458244
1.702896
0.650446
0.248447
0.094897
0.036247
0.013844
0.005288
0.002019
0.000771
0.000295
0.000112
0.000043
0.000016
0.000006
0.000002
0.000001
0.000000
0.000000
0.000000
0.000000
0.000000
0.000000
0.000000
0.000000
0.000000
0.000000
0.000000
0.000000
0.000000
0.000000
0.000000
0.000000
0.000000
0.000000
0.000000
0.000000
0.000000
40.000000
30.557280
11.671841
4.458246
1.702897
0.650448
0.248448
0.094898
0.036247
0.013845
0.005288
0.002020
0.000771
0.000295
0.000112
0.000043
0.000016
0.000006
0.000002
0.000001
0.000000
0.000000
0.000000
0.000000
0.000000
0.000000
0.000000
0.000000
0.000000
0.000000
0.000000
0.000000
0.000000
0.000000
0.000000
0.000000
0.000000
0.000000
0.000000
0.000000
0.000000
40.000000
30.557280
11.671842
4.458246
1.702898
0.650448
0.248449
0.094899
0.036248
0.013845
0.005288
0.002020
0.000771
0.000295
0.000113
0.000043
0.000016
0.000006
0.000002
0.000001
0.000000
0.000000
0.000000
0.000000
0.000000
0.000000
0.000000
0.000000
0.000000
0.000000
0.000000
0.000000
0.000000
0.000000
0.000000
0.000000
0.000000
0.000000
0.000000
0.000000
0.000000
40.000000
30.557281
11.671842
4.458247
1.702898
0.650449
0.248449
0.094899
0.036248
0.013845
0.005288
0.002020
0.000772
0.000295
0.000113
0.000043
0.000016
0.000006
0.000002
0.000001
0.000000
0.000000
0.000000
0.000000
0.000000
0.000000
0.000000
0.000000
0.000000
0.000000
0.000000
0.000000
0.000000
0.000000
0.000000
0.000000
0.000000
0.000000
0.000000
0.000000
0.000000
40.000000
30.557281
11.671842
4.458247
1.702898
0.650449
0.248449
0.094899
0.036248
0.013845
0.005288
0.002020
0.000772
0.000295
0.000113
0.000043
0.000016
0.000006
0.000002
0.000001
0.000000
0.000000
0.000000
0.000000
0.000000
0.000000
0.000000
0.000000
0.000000
0.000000
0.000000
0.000000
0.000000
0.000000
0.000000
0.000000
0.000000
0.000000
0.000000
0.000000
0.000000
40.000000
30.557280
11.671842
4.458246
1.702898
0.650449
0.248449
0.094899
0.036248
0.013845
0.005288
0.002020
0.000772
0.000295
0.000113
0.000043
0.000016
0.000006
0.000002
0.000001
0.000000
0.000000
0.000000
0.000000
0.000000
0.000000
0.000000
0.000000
0.000000
0.000000
0.000000
0.000000
0.000000
0.000000
0.000000
0.000000
0.000000
0.000000
0.000000
0.000000
0.000000
40.000000
30.557279
11.671840
4.458245
1.702897
0.650448
0.248449
0.094899
0.036248
0.013845
0.005288
0.002020
0.000772
0.000295
0.000113
0.000043
0.000016
0.000006
0.000002
0.000001
0.000000
0.000000
0.000000
0.000000
0.000000
0.000000
0.000000
0.000000
0.000000
0.000000
0.000000
0.000000
0.000000
0.000000
0.000000
0.000000
0.000000
0.000000
0.000000
0.000000
0.000000
40.000000
30.557275
11.671833
4.458238
1.702891
0.650444
0.248446
0.094897
0.036247
0.013845
0.005288
0.002020
0.000772
0.000295
0.000113
0.000043
0.000016
0.000006
0.000002
0.000001
0.000000
0.000000
0.000000
0.000000
0.000000
0.000000
0.000000
0.000000
0.000000
0.000000
0.000000
0.000000
0.000000
0.000000
0.000000
0.000000
0.000000
0.000000
0.000000
0.000000
0.000000
40.000000
30.557257
11.671807
4.458213
1.702873
0.650432
0.248439
0.094894
0.036245
0.013844
0.005288
0.002020
0.000771
0.000295
0.000113
0.000043
0.000016
0.000006
0.000002
0.000001
0.000000
0.000000
0.000000
0.000000
0.000000
0.000000
0.000000
0.000000
0.000000
0.000000
0.000000
0.000000
0.000000
0.000000
0.000000
0.000000
0.000000
0.000000
0.000000
0.000000
0.000000
40.000000
30.557184
11.671706
4.458123
1.702809
0.650393
0.248418
0.094882
0.036240
0.013842
0.005287
0.002019
0.000771
0.000295
0.000113
0.000043
0.000016
0.000006
0.000002
0.000001
0.000000
0.000000
0.000000
0.000000
0.000000
0.000000
0.000000
0.000000
0.000000
0.000000
0.000000
0.000000
0.000000
0.000000
0.000000
0.000000
0.000000
0.000000
0.000000
0.000000
0.000000
40.000000
30.556883
11.671314
4.457797
1.702592
0.650267
0.248351
0.094850
0.036225
0.013835
0.005284
0.002018
0.000771
0.000294
0.000112
0.000043
0.000016
0.000006
0.000002
0.000001
0.000000
0.000000
0.000000
0.000000
0.000000
0.000000
0.000000
0.000000
0.000000
0.000000
0.000000
0.000000
0.000000
0.000000
0.000000
0.000000
0.000000
0.000000
0.000000
0.000000
0.000000
40.000000
30.555616
11.669794
4.456628
1.701869
0.649875
0.248156
0.094758
0.036184
0.013817
0.005276
0.002015
0.000769
0.000294
0.000112
0.000043
0.000016
0.000006
0.000002
0.000001
0.000000
0.000000
0.000000
0.000000
0.000000
0.000000
0.000000
0.000000
0.000000
0.000000
0.000000
0.000000
0.000000
0.000000
0.000000
0.000000
0.000000
0.000000
0.000000
0.000000
0.000000
40.000000
30.550135
11.663890
4.452513
1.699528
0.648691
0.247600
0.094510
0.036077
0.013772
0.005258
0.002007
0.000766
0.000293
0.000112
0.000043
0.000016
0.000006
0.000002
0.000001
0.000000
0.000000
0.000000
0.000000
0.000000
0.000000
0.000000
0.000000
0.000000
0.000000
0.000000
0.000000
0.000000
0.000000
0.000000
0.000000
0.000000
0.000000
0.000000
0.000000
0.000000
40.000000
30.525687
11.641107
4.438404
1.692227
0.645267
0.246088
0.093867
0.035811
0.013664
0.005214
0.001990
0.000760
0.000290
0.000111
0.000042
0.000016
0.000006
0.000002
0.000001
0.000000
0.000000
0.000000
0.000000
0.000000
0.000000
0.000000
0.000000
0.000000
0.000000
0.000000
0.000000
0.000000
0.000000
0.000000
0.000000
0.000000
0.000000
0.000000
0.000000
0.000000
40.000000
30.412745
11.554772
4.392061
1.670637
0.635905
0.242191
0.092286
0.035179
0.013414
0.005117
0.001952
0.000745
0.000284
0.000108
0.000041
0.000016
0.000006
0.000002
0.000001
0.000000
0.000000
0.000000
0.000000
0.000000
0.000000
0.000000
0.000000
0.000000
0.000000
0.000000
0.000000
0.000000
0.000000
0.000000
0.000000
0.000000
0.000000
0.000000
0.000000
0.000000
40.000000
29.870323
11.241611
4.250151
1.611401
0.612070
0.232780
0.088610
0.033752
0.012863
0.004904
0.001870
0.000713
0.000272
0.000104
0.000040
0.000015
0.000006
0.000002
0.000001
0.000000
0.000000
0.000000
0.000000
0.000000
0.000000
0.000000
0.000000
0.000000
0.000000
0.000000
0.000000
0.000000
0.000000
0.000000
0.000000
0.000000
0.000000
0.000000
0.000000
0.000000
0.000000
27.154839
10.219646
3.863774
1.464910
0.556427
0.211618
0.080554
0.030684
0.011694
0.004458
0.001700
0.000649
0.000247
0.000094
0.000036
0.000014
0.000005
0.000002
0.000001
0.000000
0.000000
0.000000
0.000000
0.000000
0.000000
0.000000
0.000000
0.000000
0.000000
0.000000
0.000000
0.000000
0.000000
0.000000
0.000000
0.000000
0.000000
0.000000
0.000000
0.000000
