40.000000
17.026883
12.724456
10.097773
8.345380
7.100256
6.174347
5.462178
4.900242
4.448124
4.078955
3.774239
3.520881
3.309406
3.132838
2.985981
2.864943
2.766814
2.689446
2.631307
2.591378
2.569098
2.564335
2.577382
2.608986
2.660413
2.733543
2.831028
2.956530
3.115069
3.313562
3.561655
3.873062
4.267785
4.776000
5.445205
6.354383
7.644457
9.590579
12.793726
30.000000
40.000000
27.243013
20.359130
16.156436
13.352608
11.360410
9.878956
8.739485
7.840387
7.116999
6.526329
6.038782
5.633410
5.295050
5.012540
4.777569
4.583909
4.426903
4.303114
4.210091
4.146204
4.110557
4.102936
4.123811
4.174378
4.256661
4.373668
4.529645
4.730448
4.984111
5.301699
5.698648
6.196899
6.828457
7.641600
8.712327
10.167013
12.231131
15.344926
20.469962
30.000000
40.000000
31.586039
25.312615
20.816234
17.548208
15.109820
13.241582
11.776420
10.604825
9.653156
8.870580
8.221154
7.678929
7.224844
6.844706
6.527849
6.266223
6.053775
5.886020
5.759740
5.672793
5.623992
5.613044
5.640549
5.708057
5.818187
5.974826
6.183437
6.451509
6.789228
7.210478
7.734342
8.387429
9.207544
10.249616
11.595493
13.370212
15.768129
19.088033
23.741197
30.000000
40.000000
33.788528
28.489057
24.247678
20.914170
18.289079
16.201136
14.519790
13.149338
12.020224
11.081683
10.296326
9.636310
9.080695
8.613595
8.222900
7.899361
7.635960
7.427453
7.270059
7.161240
7.099578
7.084702
7.117288
7.199117
7.333206
7.524016
7.777771
8.102924
8.510818
9.016645
9.640814
10.410934
11.364676
12.553830
14.049818
15.950212
18.383141
21.497881
25.406791
30.000000
40.000000
35.079018
30.607407
26.771252
23.571717
20.931194
18.754092
16.952268
15.452517
14.196719
13.139607
12.246159
11.489294
10.848032
10.306085
9.850798
9.472365
9.163254
8.917779
8.731805
8.602535
8.528383
8.508902
8.544787
8.637922
8.791509
9.010264
9.300712
9.671601
10.134479
10.704473
11.401336
12.250821
13.286399
14.551211
16.099737
17.997680
20.316344
23.113560
26.388086
30.000000
40.000000
35.920135
32.090304
28.658206
25.670255
23.109889
20.931773
19.082676
17.511746
16.174532
15.033871
14.059414
13.226679
12.516059
11.911919
11.401846
10.976054
10.626916
10.348609
10.136851
9.988718
9.902520
9.877743
9.915040
10.016279
10.184648
10.424824
10.743215
11.148293
11.651028
12.265435
13.009240
13.904617
14.978890
16.264881
17.800241
19.624428
21.770995
24.251929
27.031995
30.000000
40.000000
36.511221
33.175467
30.101015
27.341209
24.906335
22.780438
20.934921
19.337261
17.955794
16.761936
15.730949
14.841954
14.077612
13.423690
12.868618
12.403094
12.019753
11.712895
11.478280
11.312972
11.215242
11.184515
11.221356
11.327511
11.505986
11.761174
12.099035
12.527333
13.055909
13.697005
14.465575
15.379520
16.459665
17.729184
19.211920
20.928799
22.891282
25.091166
27.487965
30.000000
40.000000
36.949282
33.999329
31.229178
28.687235
26.393806
24.348726
22.539312
20.946588
19.549452
18.327136
17.260497
16.332580
15.528752
14.836618
14.245847
13.747957
13.336113
13.004946
12.750407
12.569653
12.460969
12.423724
12.458364
12.566431
12.750618
13.014855
13.364426
13.806100
14.348275
15.001104
15.776540
16.688226
17.751072
18.980273
20.389459
21.987568
23.774168
25.733489
27.828699
30.000000
40.000000
37.286580
34.643389
32.129137
29.784748
27.632931
25.681352
23.927015
22.360333
20.968296
19.736662
18.651329
17.699125
16.868203
16.148190
15.530202
15.006782
14.571803
14.220377
13.948758
13.754272
13.635263
13.591057
13.621954
13.729238
13.915205
14.183210
14.537720
14.984371
15.529994
16.182602
16.951258
17.845778
18.876126
20.051380
21.378078
22.857848
24.484335
26.239923
28.093344
30.000000
40.000000
37.553649
35.158511
32.859233
30.689692
28.671821
26.816741
25.127068
23.599435
22.226743
20.999893
19.909038
18.944395
18.096751
17.357743
16.719998
16.177173
15.723949
15.356008
15.069983
14.863423
14.734762
14.683294
14.709165
14.813369
14.997762
15.265066
15.618881
16.063676
16.604736
17.248057
18.000119
18.867506
19.856280
20.971045
22.213630
23.581412
25.065403
26.648526
28.304756
30.000000
40.000000
37.769507
35.577775
33.459595
31.442970
29.547921
27.786729
26.165083
24.683604
23.339352
22.127137
21.040542
20.072673
19.216669
18.466043
17.814884
17.257969
16.790822
16.409732
16.111751
15.894683
15.757076
15.698201
15.718050
15.817322
15.997416
16.260418
16.609071
17.046722
17.577224
18.204776
18.933661
19.767853
20.710449
21.762892
22.923989
24.188771
25.547342
26.984022
28.477155
30.000000
40.000000
37.946605
35.923487
33.958405
32.074676
30.290168
28.617173
27.062939
25.630551
24.319929
23.128766
22.053329
21.089093
20.231217
19.474885
18.815533
18.249006
17.771648
17.380357
17.072614
16.846494
16.700667
16.634395
16.647522
16.740461
16.914171
17.170128
17.510272
17.936924
18.452668
19.060168
19.761902
20.559803
21.454775
22.446089
23.530668
24.702342
25.951175
27.263067
28.619841
30.000000
40.000000
38.093427
36.211166
34.375863
32.607164
30.920905
29.328862
27.838953
26.455738
25.181055
24.014677
22.954922
21.999161
21.144231
20.386755
19.723367
19.150884
18.666416
18.267444
17.951865
17.718022
17.564714
17.491200
17.497193
17.582837
17.748688
17.995661
18.324972
18.738042
19.236366
19.821334
20.493982
21.254687
22.102766
23.036025
24.050256
25.138757
26.291951
27.497230
28.739145
30.000000
40.000000
38.215938
36.451888
34.726721
33.057215
31.457430
29.938420
28.508279
27.172401
25.933882
24.793974
23.752530
22.808405
21.959802
21.204546
20.540307
19.964757
19.475700
19.071149
18.749392
18.509025
18.348977
18.268510
18.267221
18.345019
18.502093
18.738866
19.055923
19.453915
19.933430
20.494825
21.138014
21.862203
22.665582
23.544993
24.495579
25.510483
26.580643
27.694761
28.839510
30.000000
40.000000
38.318439
36.653729
35.021918
33.437551
31.913184
30.459116
29.083348
27.791710
26.588105
25.474815
24.452827
23.522137
22.682034
21.931332
21.268567
20.692150
20.200488
19.792071
19.465539
19.219723
19.053669
18.966654
18.958174
19.027934
19.175809
19.401797
19.705948
20.088273
20.548621
21.086532
21.701055
22.390534
23.152373
23.982792
24.876589
25.826956
26.825378
27.861663
28.924134
30.000000
40.000000
38.404088
36.822675
35.269673
33.757891
32.298642
30.901517
29.574294
28.322994
27.152021
26.064364
25.061834
24.145292
23.314875
22.570192
21.910490
21.334799
20.842041
20.431120
20.100983
19.850669
19.679336
19.586273
19.570900
19.632746
19.771424
19.986576
20.277811
20.644618
21.086258
21.601636
22.189147
22.846511
23.570591
24.357218
25.201034
26.095379
27.032254
28.002380
28.995365
30.000000
40.000000
38.475238
36.963211
35.476213
34.025700
32.621983
31.274020
29.989323
28.773959
27.632628
26.568796
25.584862
24.682332
23.861994
23.124081
22.468413
21.894527
21.401771
20.989397
20.656616
20.402646
20.226744
20.128216
20.106417
20.160739
20.290576
20.495282
20.774112
21.126140
21.550167
22.044614
22.607394
23.235779
23.926269
24.674462
25.474954
26.321274
27.205883
28.120238
29.054948
30.000000
40.000000
38.533654
37.078721
35.646270
34.246718
32.889574
31.583263
30.335027
29.150899
28.035743
26.993338
26.026496
25.137190
24.326700
23.595735
22.944568
22.373135
21.881133
21.468094
21.133450
20.876569
20.696791
20.593441
20.565827
20.613229
20.734870
20.929877
21.197227
21.535672
21.943667
22.419270
22.960043
23.562950
24.224250
24.939413
25.703051
26.508886
27.349768
28.217744
29.104191
30.000000
40.000000
38.580659
37.171750
35.783432
34.425332
33.106337
31.834438
30.616629
29.458875
28.366116
27.342328
26.390602
25.513245
24.711890
23.987605
23.341001
22.772325
22.281543
21.868411
21.532533
21.273401
21.090425
20.982944
20.950234
20.991492
21.105810
21.292143
21.549256
21.875666
22.269569
22.728764
23.250568
23.831734
24.468374
25.155895
25.888955
26.661455
27.466562
28.296781
29.144072
30.000000
40.000000
38.617231
37.244192
35.890379
34.564845
33.276010
32.031527
30.838185
29.701862
28.627527
27.619267
26.680351
25.813309
25.020020
24.301806
23.659519
23.093634
22.604316
22.191488
21.854885
21.594093
21.408575
21.297689
21.260687
21.296706
21.404747
21.583640
21.832001
22.148178
22.530190
22.975659
23.481740
24.045053
24.661626
25.326844
26.035425
26.781421
27.558246
28.358750
29.175317
30.000000
40.000000
38.644075
37.297408
35.969051
34.667662
33.401337
32.177483
31.002728
29.882871
28.822871
27.826870
26.898236
26.039631
25.253089
24.540090
23.901650
23.338390
22.850611
22.438352
22.101439
21.839523
21.652108
21.538565
21.498133
21.529913
21.632845
21.805681
22.046941
22.354866
22.727365
23.161952
23.655688
24.205121
24.806240
25.454436
26.144486
26.870561
27.626255
28.404658
29.198445
30.000000
40.000000
38.661663
37.332316
36.020759
34.735419
33.484198
32.274346
31.112381
30.004031
28.954227
27.967116
27.046102
26.193904
25.412625
24.703829
24.068612
23.507678
23.021401
22.609886
22.273010
22.010466
21.821784
21.706343
21.663381
21.691980
21.791053
21.959311
22.195227
22.496992
22.862463
23.289107
23.773947
24.313511
24.903783
25.540180
26.217529
26.930085
27.671559
28.435185
29.213808
30.000000
40.000000
38.670261
37.349438
36.046254
34.769063
33.525694
32.323330
31.168425
30.066652
29.022898
28.041275
27.125163
26.277268
25.499691
24.794001
24.161305
23.602322
23.117444
22.706793
22.370264
22.107563
21.918231
21.801657
21.757081
21.783588
21.880090
22.045295
22.277676
22.575424
22.936398
23.358075
23.837493
24.371199
24.955210
25.584977
26.255372
26.960696
27.694715
28.450716
29.221601
30.000000
40.000000
38.669945
37.348922
36.045758
34.768888
33.526190
32.324863
31.171343
30.071265
29.029449
28.049933
27.136017
26.290326
25.514884
24.811192
24.180298
23.622875
23.139275
22.729592
22.393704
22.131306
21.941935
21.824986
21.779712
21.805216
21.900436
22.064116
22.294771
22.590640
22.949642
23.369314
23.846759
24.378592
24.960890
25.589153
26.258290
26.962617
27.695891
28.451365
29.221883
30.000000
40.000000
38.660597
37.330548
36.018973
34.734546
33.485321
32.278594
31.120829
30.017622
28.973709
27.993002
27.078657
26.233145
25.458340
24.755596
24.125836
23.569617
23.087202
22.678612
22.343669
22.082035
21.893231
21.776655
21.731578
21.757141
21.852336
22.015976
22.246663
22.542737
22.902226
23.322789
23.801647
24.335530
24.920610
25.552461
26.226023
26.935597
27.674870
28.436971
29.214569
30.000000
40.000000
38.641898
37.293703
35.965042
34.665009
33.401958
32.183369
31.015764
29.904696
28.854772
27.869720
26.952475
26.105271
25.329745
24.627030
23.997844
23.442569
22.961320
22.553998
22.220339
21.959947
21.772315
21.656839
21.612819
21.639449
21.735803
21.900802
22.133180
22.431429
22.793749
23.217978
23.701521
24.241278
24.833568
25.474065
26.157748
26.878883
27.631025
28.407084
29.199421
30.000000
40.000000
38.613291
37.237325
35.882488
34.558492
33.274140
32.037166
30.854171
29.730633
28.670971
27.678642
26.756262
25.905730
25.128352
24.424949
23.795955
23.241510
22.761523
22.355734
22.023757
21.765114
21.579258
21.465582
21.423422
21.452046
21.550638
21.718264
21.953837
22.256062
22.623373
23.053862
23.545191
24.094502
24.698326
25.352488
26.052029
26.791165
27.563268
28.360921
29.176031
30.000000
40.000000
38.573944
37.159822
35.769094
34.412337
33.098950
31.836989
30.633127
29.492704
28.419847
27.417625
26.488211
25.633048
24.852998
24.148469
23.519531
22.966007
22.487544
22.083673
21.753854
21.497509
21.314035
21.202824
21.163255
21.194690
21.296451
21.467791
21.707855
22.015620
22.389832
22.828917
23.330886
23.893222
24.512755
25.185536
25.906722
26.670483
27.469962
28.297306
29.143781
30.000000
40.000000
38.522663
37.058926
35.621733
34.222817
32.872339
31.578721
30.348652
29.187216
28.098098
27.083809
26.145919
25.285265
24.502133
23.796410
23.167708
22.615457
22.138985
21.737573
21.410494
21.157045
20.976564
20.868437
20.832099
20.867021
20.972697
21.148608
21.394184
21.708744
22.091428
22.541097
23.056224
23.634754
24.273943
24.970187
25.718845
26.514087
27.348797
28.214560
29.101790
30.000000
40.000000
38.457781
36.931490
35.436098
33.984863
32.588874
31.256911
29.995550
28.809419
27.701528
26.673604
25.726402
24.859971
24.073871
23.367344
22.739445
22.189140
21.715380
21.317153
20.993516
20.743628
20.566753
20.462276
20.429694
20.468612
20.578721
20.759773
21.011539
21.333756
21.726048
22.187828
22.718169
23.315635
23.978084
24.702430
25.484388
26.318229
27.196581
28.110349
29.048820
30.000000
40.000000
38.376974
36.773157
35.206310
33.691667
32.241387
30.864505
29.567224
28.353391
27.225001
26.182687
25.226125
24.354357
23.566048
22.859662
22.233600
21.686291
21.216257
20.822155
20.502806
20.257210
20.084558
19.984232
19.955804
19.999025
20.113815
20.300236
20.558456
20.888704
21.291190
21.766009
22.312997
22.931542
23.620336
24.377066
25.198054
26.077865
27.008952
27.981437
28.983143
30.000000
40.000000
38.276959
36.577855
34.924321
33.334113
31.820508
30.392502
29.055460
27.811926
26.662406
25.606028
24.641062
23.765297
22.976313
22.271669
21.649015
21.106180
20.641215
20.252418
19.938354
19.697862
19.530050
19.434304
19.410276
19.457882
19.577292
19.768911
20.033358
20.371424
20.784009
21.272031
21.836278
22.477207
23.194657
23.987451
24.852903
25.786227
26.779928
27.823307
28.902315
30.000000
40.000000
38.153007
36.336984
34.579010
32.899959
31.314034
29.829542
28.450194
27.176455
26.006676
24.937967
23.966808
23.089464
22.302251
21.601695
20.984623
20.448213
19.990016
19.607960
19.300345
19.065845
18.903490
18.812671
18.793127
18.844948
18.968570
19.164769
19.434651
19.779634
20.201403
20.701836
21.282883
21.946361
22.693641
23.525183
24.439884
25.434218
26.501230
27.629549
28.802810
30.000000
40.000000
37.998087
36.038068
34.154777
32.372682
30.706134
29.161442
27.739327
26.437031
25.249886
24.172365
23.198747
22.323511
21.541544
20.848249
20.239580
19.712045
19.262690
18.889071
18.589236
18.361694
18.205408
18.119774
18.104625
18.160226
18.287284
18.486954
18.760855
19.111070
19.540141
20.051036
20.647066
21.331720
22.108369
22.979762
23.947237
25.009536
26.161226
27.390851
28.679377
30.000000
40.000000
37.801275
35.662425
33.629353
31.729862
29.976381
28.370771
26.908646
25.582464
24.383480
23.302867
22.332315
21.464298
20.692175
20.010187
19.413413
18.897709
18.459638
18.096412
17.805844
17.586301
17.436684
17.356405
17.345384
17.404059
17.533395
17.734920
18.010755
18.363659
18.797064
19.315110
19.922633
20.625091
21.428358
22.338266
23.359769
24.495467
25.743290
27.093254
28.523850
30.000000
40.000000
37.544588
35.181005
32.970349
30.941036
29.098763
27.436621
25.942028
24.600706
23.398709
22.323318
21.363356
20.509201
19.752680
19.086920
18.506188
18.005751
17.581751
17.231108
16.951437
16.740994
16.598634
16.523788
16.516461
16.577240
16.707328
16.908586
17.183597
17.535755
17.969356
18.489715
19.103271
19.817662
20.641710
21.585182
22.658110
23.869276
25.223216
26.715026
28.322769
30.000000
40.000000
37.196074
34.546658
32.130006
29.965175
28.041017
26.334926
24.822144
23.479630
22.287337
21.228349
20.288599
19.456478
18.722434
18.078635
17.518679
17.037366
16.630519
16.294842
16.027814
15.827616
15.693081
15.623664
15.619441
15.681124
15.810102
16.008507
16.279303
16.626416
17.054898
17.571131
18.183080
18.900584
19.735646
20.702644
21.818218
23.100314
24.565276
26.220866
28.052200
30.000000
40.000000
36.693050
33.679550
31.037844
28.748644
26.765206
25.039929
23.531996
22.208340
21.042669
20.014147
19.106222
18.305686
17.601953
16.986517
16.452536
15.994525
15.608128
15.289936
15.037370
14.848586
14.722419
14.658356
14.656524
14.717722
14.843460
15.036046
15.298699
15.635717
16.052697
16.556838
17.157342
17.865952
18.697651
19.671537
20.811808
22.148489
23.716710
25.550966
27.665165
30.000000
40.000000
35.896577
32.440651
29.593176
27.226354
25.231239
23.527593
22.057575
20.779071
19.660858
18.679356
17.816463
17.058097
16.393184
15.812952
15.310430
14.880082
14.517540
14.219415
13.983154
13.806947
13.689665
13.630824
13.630589
13.689789
13.809979
13.993526
14.243740
14.565064
14.963343
15.446188
16.023503
16.708237
17.517473
18.474049
19.608990
20.965128
22.602111
24.601123
27.057495
30.000000
40.000000
34.452608
30.593302
27.667859
25.332359
23.405809
21.781631
20.391644
19.189517
18.142342
17.225960
16.422185
15.717064
15.099741
14.561685
14.096159
13.697840
13.362544
13.087037
12.868893
12.706394
12.598477
12.544697
12.545226
12.600875
12.713151
12.884347
13.117676
13.417465
13.789430
14.241074
14.782252
15.426026
16.189960
17.098201
18.184978
19.500926
21.125486
23.193921
25.963693
30.000000
40.000000
31.320553
27.812093
25.152599
23.029417
21.278008
19.801483
18.537858
17.445015
16.493038
15.659964
14.929259
14.288240
13.727037
13.237895
12.814690
12.452581
12.147767
11.897307
11.698993
11.551267
11.453161
11.404270
11.404751
11.455341
11.557410
11.713043
11.925160
12.197695
12.535846
12.946431
13.438411
14.023660
14.718146
15.543819
16.531798
17.728114
19.204987
21.085382
23.603357
30.000000
