40.000000
16.921702
12.514858
9.785279
7.932248
6.589454
5.569519
4.767601
4.120781
3.589179
3.146405
2.774387
2.460396
2.195263
1.972266
1.786406
1.633939
1.512053
1.418653
1.352219
1.311706
1.296491
1.306344
1.341430
1.402337
1.490139
1.606497
1.753813
1.935465
2.156160
2.422470
2.743662
3.133039
3.610160
4.204726
4.963733
5.965634
7.350797
9.393801
12.695035
30.000000
40.000000
27.074723
20.023773
15.656446
12.691597
10.543126
8.911230
7.628162
6.593250
5.742686
5.034248
4.439019
3.936633
3.512421
3.155625
2.858250
2.614303
2.419285
2.269845
2.163550
2.098730
2.074386
2.090151
2.146288
2.243739
2.384223
2.570395
2.806100
3.096744
3.449857
3.875952
4.389860
5.012862
5.776257
6.727562
7.941973
9.545015
11.761276
15.030082
20.312056
30.000000
40.000000
31.355374
24.852963
20.130929
16.642201
13.989620
11.915180
10.253196
8.895447
7.769465
6.825470
6.028447
5.353248
4.781489
4.299529
3.897135
3.566581
3.302031
3.099114
2.954642
2.866414
2.833104
2.854208
2.930044
3.061813
3.251715
3.503156
3.821047
4.212258
4.686290
5.256266
5.940440
6.764520
7.765338
8.996784
10.539601
12.517665
15.124118
18.656490
23.524762
30.000000
40.000000
33.496494
27.907111
23.380043
19.767113
16.870841
14.521831
12.591295
10.985158
9.635349
8.492439
7.520210
6.691836
5.987232
5.391214
4.892218
4.481407
4.152034
3.899007
3.718575
3.608130
3.566078
3.591780
3.685555
3.848742
4.083828
4.394664
4.786776
5.267835
5.848313
6.542440
7.369576
8.356188
9.538716
10.967634
12.712966
14.870814
17.567767
20.951510
25.132766
30.000000
40.000000
34.726882
29.905696
25.725055
22.188592
19.221075
16.729176
14.626873
12.842927
11.321009
10.017460
8.898673
7.938793
7.117871
6.420462
5.834577
5.350901
4.962232
4.663065
4.449306
4.318069
4.267557
4.297003
4.406668
4.597904
4.873276
5.236761
5.694045
6.252931
6.923918
7.720973
8.662582
9.773122
11.084581
12.638511
14.487707
16.696098
19.333133
22.454723
26.057655
30.000000
40.000000
35.509423
31.271865
27.437976
24.057047
21.115289
18.570006
16.370440
14.468032
12.820420
11.392316
10.155024
9.085490
8.165310
7.379833
6.717423
6.168867
5.726924
5.385982
5.141808
4.991371
4.932740
4.965023
5.088372
5.304031
5.614445
6.023431
6.536417
7.160774
7.906245
8.785496
9.814771
11.014642
12.410701
14.033919
15.919980
18.106271
20.624185
23.483466
26.646583
30.000000
40.000000
36.043702
32.243827
28.712009
25.504869
22.635848
20.091993
17.847525
15.872529
14.137720
12.616647
11.286456
10.127891
9.124986
8.264629
7.536130
6.930844
6.441845
6.063674
5.792144
5.624203
5.557845
5.592064
5.726856
5.963257
6.303427
6.750780
7.310160
7.988075
8.792974
9.735558
10.829100
12.089672
13.536128
15.189534
17.071496
19.200583
21.585793
24.216375
27.049226
30.000000
40.000000
36.426961
32.958482
29.677353
26.635636
23.857164
21.345126
19.089985
17.075682
15.283770
13.695865
12.294930
11.065824
9.995445
9.072654
8.288105
7.634048
7.104139
6.693280
6.397483
6.213773
6.140126
6.175435
6.319504
6.573084
6.937923
7.416858
8.013923
8.734488
9.585393
10.575068
11.713588
13.012554
14.484671
16.142782
17.998015
20.056674
22.315578
24.756107
27.338507
30.000000
40.000000
36.711684
33.497774
30.421108
27.526636
24.840947
22.375399
20.130458
18.099745
16.273177
14.639135
13.185831
11.902095
10.777765
9.803850
8.972551
8.277217
7.712264
7.273101
6.956050
6.758295
6.677837
6.713478
6.864815
7.132259
7.517067
8.021388
8.648318
9.401948
10.287395
11.310776
12.479088
13.799894
15.280738
16.928101
18.745773
20.732479
22.878840
25.164103
27.553781
30.000000
40.000000
36.928615
33.912983
31.002239
28.234635
25.636323
23.222438
20.999358
18.967208
17.122065
15.457686
13.966741
12.641621
11.474947
10.459861
9.590169
8.860404
8.265841
7.802484
7.467041
7.256906
7.170144
7.205477
7.362286
7.640619
8.041199
8.565440
9.215448
9.994013
10.904556
11.951013
13.137614
14.468496
15.947086
17.575167
19.351579
21.270544
23.319783
25.478810
27.718101
30.000000
40.000000
37.096965
34.237576
31.461451
28.801301
26.281684
23.919199
21.723589
19.699223
17.846585
16.163557
14.646430
13.290650
12.091332
11.043605
10.142831
9.384732
8.765469
8.281679
7.930497
7.709561
7.617020
7.651532
7.812266
8.098901
8.511620
9.051100
9.718475
10.515287
11.443381
12.504739
13.701223
15.034174
16.503852
18.108665
19.844202
21.702099
23.668921
25.725319
27.845869
30.000000
40.000000
37.229367
34.494219
31.827462
29.257434
26.806841
24.492579
22.326216
20.314839
18.462017
16.768719
15.234100
13.856135
12.632088
11.558868
10.633270
9.852149
9.212527
8.711676
8.347167
8.116896
8.019111
8.052419
8.215787
8.508541
8.930344
9.481165
10.161232
10.970938
11.910726
12.980895
14.181339
15.511184
16.968308
18.548744
20.245981
22.050232
23.947784
25.920623
27.946557
30.000000
40.000000
37.334468
34.698759
32.120963
29.626038
27.234938
24.964311
22.826648
20.830740
18.982287
17.284531
15.738846
14.345246
13.102802
12.009959
11.064794
10.265189
9.608977
9.094035
8.718354
8.480091
8.377598
8.409443
8.574409
8.871492
9.299873
9.858876
10.547903
11.366335
12.313399
13.387984
14.588390
15.912022
17.354996
18.911691
20.574265
22.332186
24.171881
26.076602
28.026649
30.000000
40.000000
37.418384
34.862570
32.357148
29.924479
27.583999
25.351882
23.241024
21.261268
19.419769
17.721423
16.169296
14.765023
13.509150
12.401426
11.441030
10.626762
9.957182
9.430723
9.045772
8.800732
8.694060
8.724294
8.890055
9.190043
9.623006
10.187691
10.882778
11.706773
12.657881
13.733830
14.931657
16.247443
17.676017
19.210617
20.842565
22.560982
24.352605
26.201786
28.090729
30.000000
40.000000
37.485549
34.993995
32.547355
30.166005
27.868114
25.669326
23.582659
21.618587
19.785253
18.088743
16.533401
15.122128
13.856660
12.737821
11.765726
10.939964
10.259734
9.723965
9.331402
9.080673
8.970337
8.998911
9.164875
9.466670
9.902665
10.471109
11.170062
11.997293
12.950163
14.025465
15.219243
16.526579
17.941362
19.456050
21.061452
22.746556
24.498461
26.302430
28.142123
30.000000
40.000000
37.539238
35.099252
32.700152
30.360797
28.098331
25.927891
23.862467
21.912901
20.087998
18.394701
16.838306
15.422689
14.150534
13.023533
12.042578
11.207922
10.519312
9.976106
9.577365
9.321918
9.208415
9.235360
9.401115
9.703900
10.141761
10.712527
11.413736
12.242552
13.195650
14.269081
15.458120
16.757098
18.159229
19.656436
21.239217
22.896548
24.615876
26.383201
28.183289
30.000000
40.000000
37.581908
35.183033
32.822070
30.516723
28.283325
26.136564
24.089331
22.152676
20.335843
18.646384
17.090299
15.672208
14.395530
13.262654
12.275099
11.433665
10.738557
10.189497
9.785812
9.526507
9.410314
9.435727
9.601013
9.904207
10.343089
10.915136
11.617465
12.446748
13.399113
14.470033
15.654196
16.945376
18.336298
19.818527
21.382376
23.016867
24.709753
26.447620
28.216070
30.000000
40.000000
37.615410
35.248894
32.918099
30.639865
28.429888
26.302482
24.270419
22.344852
20.535319
18.849795
17.294796
15.875499
14.595887
13.458889
12.466522
11.620026
10.919976
10.366393
9.958827
9.696427
9.577998
9.602028
9.766707
10.069922
10.509235
11.081845
11.784529
12.613571
13.564677
14.632873
15.812408
17.096644
18.477966
19.947692
21.496034
23.112081
24.783843
26.498357
28.241857
30.000000
40.000000
37.641138
35.299523
32.992042
30.734892
28.543291
26.431253
24.411430
22.495026
20.691764
19.009913
17.456355
16.036674
14.755272
13.615489
12.619724
11.769557
11.065856
10.508876
10.098346
9.833534
9.713301
9.736134
9.900163
10.203161
10.642520
11.215221
11.917780
12.746186
13.695822
14.761384
15.936798
17.215132
18.588531
20.048155
21.584160
23.185703
24.841001
26.537434
28.261697
30.000000
40.000000
37.660130
35.336928
33.046749
30.805333
28.627550
26.527189
24.516800
22.607601
20.809429
19.130749
17.578691
16.159126
14.876754
13.735211
12.737175
11.884478
11.178205
10.618791
10.206098
9.939486
9.817860
9.839709
10.003118
10.305775
10.744947
11.317454
12.019621
12.847218
13.795399
14.858625
16.030593
17.304172
18.671344
20.123170
21.649778
23.240389
24.883375
26.566360
28.276370
30.000000
40.000000
37.673131
35.362558
33.084287
30.853762
28.685619
26.593489
24.589847
22.685905
20.891564
19.215405
17.664715
16.245546
14.962793
13.820289
12.820900
11.966627
11.258707
10.697697
10.283554
10.015700
9.893075
9.914169
10.077038
10.379312
10.818172
11.390331
12.091983
12.918756
13.865649
14.926969
16.096269
17.366290
18.728917
20.175152
21.695117
23.278080
24.912520
26.586227
28.286438
30.000000
40.000000
37.680643
35.377386
33.106054
30.881928
28.719518
26.632364
24.632887
22.732286
20.940486
19.266119
17.716550
16.297921
15.015233
13.872422
12.872459
12.017442
11.308691
10.746837
10.331892
10.063317
9.940072
9.960649
10.123089
10.424988
10.863483
11.435222
12.136331
12.962356
13.908216
14.968137
16.135597
17.403274
18.763006
20.205776
21.721707
23.300099
24.929493
26.597770
28.292279
30.000000
40.000000
37.682948
35.381966
33.112846
30.890841
28.730427
26.645116
24.647305
22.748173
20.957630
19.284304
17.735562
16.317558
15.035307
13.892768
12.892936
12.037936
11.329112
10.767116
10.351980
10.083179
9.959681
9.979980
10.142115
10.443675
10.881782
11.453072
12.153650
12.979049
13.924169
14.983223
16.149681
17.416217
18.774672
20.216035
21.730441
23.307209
24.934897
26.601406
28.294107
30.000000
40.000000
37.680124
35.376452
33.104896
30.880804
28.718722
26.632189
24.633602
22.734113
20.943581
19.270570
17.722377
16.305086
15.023643
13.881946
12.882937
12.028699
11.320541
10.759091
10.344362
10.075819
9.952427
9.972683
10.134637
10.435891
10.873591
11.444400
12.144461
12.969347
13.914009
14.972713
16.138983
17.405550
18.764303
20.206271
21.721613
23.299647
24.928910
26.597256
28.291982
30.000000
40.000000
37.672044
35.360602
33.081871
30.851431
28.683987
26.593174
24.591405
22.689787
20.898088
19.224741
17.676894
16.260474
14.980273
13.840042
12.842595
11.989899
11.283174
10.722974
10.309259
10.041462
9.918532
9.938970
10.100848
10.401806
10.839048
11.409308
12.108819
12.933256
13.877684
14.936493
16.103332
17.371047
18.731632
20.176189
21.694917
23.277126
24.911289
26.585141
28.285810
30.000000
40.000000
37.658364
35.333759
33.042851
30.801601
28.624987
26.526788
24.519447
22.614000
20.820060
19.145856
17.598292
16.183042
14.904648
13.766628
12.771582
11.921297
11.216840
10.658644
10.246584
9.980036
9.857923
9.878753
10.040628
10.341254
10.777924
11.347489
12.046326
12.870278
13.814592
14.873857
16.041921
17.311820
18.675716
20.124833
21.649433
23.238813
24.881345
26.564568
28.275334
30.000000
40.000000
37.638495
35.294793
32.986254
30.729398
28.539590
26.430808
24.415521
22.504642
20.707551
19.032164
17.485034
16.071470
14.795656
13.660778
12.669139
11.822270
11.121025
10.565672
10.155962
9.891195
9.770259
9.791665
9.953565
10.253750
10.689638
11.258246
11.956150
12.779426
13.723586
14.783496
15.953294
17.226295
18.594905
20.050540
21.583566
23.183272
24.837894
26.534694
28.260113
30.000000
40.000000
37.611556
35.242016
32.909725
30.631979
28.424654
26.301973
24.276400
22.358639
20.557719
18.881109
17.334871
15.923813
14.651640
13.521098
12.534099
11.691841
10.994906
10.443348
10.036763
9.774350
9.654954
9.677094
9.838982
10.138519
10.573286
11.140513
11.837035
12.659236
13.602974
14.663493
15.835323
17.112166
18.486781
19.950866
21.494961
23.108373
24.779173
26.494252
28.239487
30.000000
40.000000
37.576297
35.173048
32.809964
30.505387
28.275847
26.135829
24.097716
22.171869
20.366790
18.689319
17.144849
15.737528
14.470439
13.345766
12.364934
11.528728
10.837396
10.290731
9.888142
9.628709
9.511224
9.534219
9.695977
9.994537
10.427679
10.992893
11.687339
12.507786
13.450534
14.511313
15.685173
16.966341
18.348069
19.822473
21.380370
23.011151
24.702707
26.441459
28.212518
30.000000
40.000000
37.530981
35.084600
32.682458
30.344282
28.087399
25.926526
23.873816
21.939064
20.129998
18.452584
16.911322
15.509502
14.249426
13.132585
12.159812
11.331399
10.647197
10.106698
9.709094
9.453329
9.338136
9.362060
9.523474
9.820578
10.251386
10.813698
11.505065
12.322723
13.263516
14.323791
15.499267
16.784868
18.174529
19.660973
21.235467
22.887600
24.605111
26.373848
28.177904
30.000000
40.000000
37.473202
34.972155
32.521086
30.141537
27.851749
25.666545
23.597569
21.653703
19.841545
18.165863
16.629983
15.236110
13.985581
12.879055
11.916666
11.098137
10.422870
9.890014
9.498518
9.247178
9.134664
9.159541
9.320284
9.615275
10.042798
10.601011
11.287918
12.101308
13.038681
14.097140
15.273252
16.562853
17.960812
19.460727
21.054582
22.732376
24.481797
26.288033
28.133841
30.000000
40.000000
37.399585
34.829458
32.317528
29.887675
27.559079
25.346357
23.260152
21.307899
19.494571
17.823311
16.295933
14.913296
13.675576
12.582461
11.633286
10.827136
10.162915
9.639401
9.255285
9.009204
8.899764
8.925557
9.085171
9.377192
9.800200
10.352757
11.033376
11.840482
12.772342
13.826970
15.001979
16.294381
17.700300
19.214590
20.830354
22.538374
24.326526
26.179323
28.077799
30.000000
40.000000
37.305300
34.647705
32.060357
29.570049
27.196687
24.954007
22.850820
20.892318
19.081167
17.418354
15.903787
14.536696
13.315904
12.239997
11.307429
10.516592
9.865863
9.353631
8.978321
8.738411
8.632447
8.659052
8.816937
9.104907
9.521864
10.066800
10.738788
11.536960
12.460455
13.508347
14.679518
15.972455
17.384940
18.913599
20.553259
22.296111
24.130729
26.041116
28.006155
30.000000
40.000000
37.183199
34.414190
31.733636
29.171691
26.748188
24.474658
22.356723
20.396169
18.592475
16.943842
15.447845
14.101811
12.903039
11.848913
10.936950
10.164827
9.530382
9.031617
8.666697
8.433947
8.331861
8.359100
8.514508
8.797114
9.206151
9.741060
10.401503
11.187367
12.098748
13.135916
14.299234
15.588988
17.005100
18.546634
20.211013
21.992865
23.882458
25.863886
27.913551
30.000000
40.000000
37.022236
34.109986
31.314724
28.669689
26.192553
23.890165
21.762827
19.807339
18.018923
16.392317
14.922358
13.604246
12.433645
11.406689
10.519955
9.770412
9.155385
8.672510
8.319712
8.095184
7.997377
8.025001
8.177032
8.452724
8.851635
9.373652
10.019029
10.788421
11.682924
12.704098
13.853960
15.134908
16.549516
18.100094
19.787854
21.611460
23.564735
25.633441
27.791702
30.000000
40.000000
36.804293
33.705773
30.770833
28.033054
25.503112
23.178843
21.052116
19.112782
17.350662
15.756426
14.321888
13.040015
11.904826
10.911248
10.054968
9.332314
8.740151
8.275801
7.936990
7.721804
7.628673
7.656361
7.803974
8.070978
8.457234
8.963046
9.589223
10.337160
11.208932
12.207403
13.336333
14.600451
16.005445
17.557731
19.263790
21.128662
23.152979
25.327795
27.627024
30.000000
40.000000
36.497273
33.154114
30.053773
27.220184
24.646901
22.315794
20.206307
18.299297
16.578272
15.029515
13.641784
12.405914
11.314421
10.361172
9.541106
8.850026
8.284436
7.841420
7.518562
7.313883
7.225815
7.253182
7.395213
7.651561
8.022350
8.508240
9.110520
9.831232
10.673329
11.640880
12.739321
13.975744
15.359196
16.900892
18.614116
20.513284
22.611055
24.911376
27.395444
30.000000
40.000000
36.038338
32.374865
29.092604
26.176840
23.585231
21.274370
19.207377
17.354838
15.693792
14.206399
12.878753
11.699937
10.661304
9.755937
8.978253
8.323706
7.788577
7.369816
7.064938
6.871953
6.789319
6.815932
6.951126
7.194706
7.546998
8.008932
8.582158
9.269205
10.073707
11.000694
12.056999
13.251793
14.597286
16.109615
17.809834
19.724660
21.885770
24.324083
27.049840
30.000000
40.000000
35.288385
31.228669
27.786155
24.837287
22.277215
20.029591
18.040236
16.270427
14.692036
13.284265
12.031473
10.921703
9.945683
9.096119
8.367207
7.754284
7.253576
6.862025
6.577168
6.397057
6.320212
6.345604
6.472657
6.701280
7.031927
7.465684
8.004403
8.650888
9.409155
10.284803
11.285535
12.421910
13.708435
15.165198
16.820303
18.713510
20.901257
23.461409
26.485889
30.000000
40.000000
33.893195
29.478524
26.005765
23.134901
20.688703
18.564177
16.696505
15.042476
13.572029
12.263566
11.101161
10.072818
9.169338
8.383550
7.709790
7.143538
6.681156
6.319715
6.056871
5.890780
5.820057
5.843753
5.961361
6.172844
6.478698
6.880037
7.378734
7.977604
8.680686
9.493630
10.424268
11.483461
12.686406
14.054719
15.619943
17.429886
19.561040
22.145612
25.437929
30.000000
40.000000
30.811995
26.798659
23.641604
21.031728
18.807912
16.876524
15.178641
13.674978
12.338208
11.148696
10.091964
9.157108
8.335762
7.621409
7.008900
6.494125
6.073778
5.745196
5.506246
5.355254
5.290961
5.312503
5.419419
5.611677
5.889725
6.254579
6.707940
7.252367
7.891533
8.630573
9.476607
10.439510
11.533097
12.777017
14.199948
15.845351
17.782763
20.132374
23.125390
30.000000
