80.000000
32.865920
16.079509
7.045199
2.915994
1.166066
0.455725
0.175232
0.066568
0.025054
0.009360
0.003476
0.001285
0.000473
0.000173
0.000063
0.000023
0.000008
0.000003
0.000001
0.000001
0.000001
0.000002
0.000006
0.000017
0.000048
0.000130
0.000355
0.000964
0.002607
0.007020
0.018790
0.049926
0.131424
0.341793
0.874550
2.186995
5.283899
12.059632
24.649440
60.000000
80.000000
52.585472
25.727215
11.272318
4.665590
1.865706
0.729159
0.280371
0.106509
0.040086
0.014976
0.005562
0.002056
0.000757
0.000277
0.000101
0.000037
0.000013
0.000005
0.000002
0.000001
0.000002
0.000004
0.000010
0.000028
0.000076
0.000208
0.000567
0.001542
0.004171
0.011232
0.030065
0.079882
0.210278
0.546870
1.399279
3.499192
8.454238
19.295411
39.439104
60.000000
80.000000
61.947445
32.583285
14.892959
6.337012
2.583837
1.024489
0.398344
0.152679
0.057883
0.021758
0.008123
0.003015
0.001114
0.000410
0.000150
0.000055
0.000020
0.000007
0.000003
0.000002
0.000002
0.000006
0.000015
0.000041
0.000113
0.000308
0.000836
0.002261
0.006092
0.016318
0.043413
0.114509
0.298758
0.768367
1.937878
4.752759
11.169720
24.437464
46.460584
60.000000
80.000000
66.564151
36.899338
17.569687
7.720096
3.229233
1.307061
0.516878
0.200918
0.077083
0.029271
0.011024
0.004124
0.001534
0.000568
0.000210
0.000077
0.000028
0.000010
0.000004
0.000002
0.000003
0.000008
0.000021
0.000058
0.000157
0.000426
0.001151
0.003093
0.008268
0.021953
0.057812
0.150689
0.387658
0.980296
2.421925
5.790072
13.177265
27.674504
49.923113
60.000000
80.000000
68.911138
39.478218
19.388967
8.760701
3.755701
1.553070
0.625707
0.247199
0.096193
0.036986
0.014084
0.005321
0.001997
0.000745
0.000277
0.000102
0.000038
0.000014
0.000006
0.000003
0.000004
0.000011
0.000028
0.000077
0.000208
0.000559
0.001498
0.003991
0.010563
0.027740
0.072145
0.185399
0.469280
1.164803
2.816776
6.570526
14.541726
29.608664
51.683354
60.000000
80.000000
70.133055
40.980516
20.563331
9.494394
4.155684
1.752152
0.718618
0.288555
0.113953
0.044403
0.017114
0.006537
0.002478
0.000933
0.000350
0.000130
0.000048
0.000018
0.000007
0.000004
0.000006
0.000014
0.000036
0.000098
0.000262
0.000700
0.001858
0.004903
0.012836
0.033302
0.085465
0.216417
0.538964
1.314114
3.116763
7.120796
15.422499
30.735387
52.599791
60.000000
80.000000
70.781102
41.844459
21.296621
9.988572
4.443872
1.904339
0.793421
0.323397
0.129523
0.051138
0.019952
0.007708
0.002953
0.001123
0.000424
0.000160
0.000060
0.000023
0.000009
0.000005
0.000007
0.000017
0.000045
0.000120
0.000318
0.000842
0.002214
0.005781
0.014964
0.038353
0.097142
0.242547
0.595065
1.428254
3.332904
7.491429
15.972466
31.383345
53.085826
60.000000
80.000000
71.129767
42.338074
21.744450
10.310601
4.643313
2.015571
0.850845
0.351346
0.142514
0.056958
0.022484
0.008782
0.003399
0.001306
0.000498
0.000189
0.000071
0.000027
0.000011
0.000007
0.000009
0.000021
0.000054
0.000142
0.000374
0.000979
0.002550
0.006587
0.016863
0.042719
0.106885
0.263509
0.638133
1.511678
3.482484
7.732951
16.308338
31.753556
53.347325
60.000000
80.000000
71.319477
42.619234
22.013817
10.515389
4.777112
2.094015
0.893246
0.372867
0.152907
0.061779
0.024648
0.009727
0.003803
0.001475
0.000568
0.000217
0.000083
0.000032
0.000013
0.000008
0.000010
0.000024
0.000062
0.000163
0.000426
0.001106
0.002852
0.007296
0.018486
0.046335
0.114680
0.279651
0.669934
1.570511
3.582834
7.886542
16.510363
31.964426
53.489608
60.000000
80.000000
71.423621
42.779192
22.174127
10.643250
4.864715
2.147764
0.923566
0.388880
0.160928
0.065628
0.026430
0.010529
0.004154
0.001625
0.000631
0.000244
0.000094
0.000036
0.000015
0.000009
0.000012
0.000027
0.000070
0.000183
0.000473
0.001219
0.003116
0.007896
0.019823
0.049221
0.120696
0.291660
0.692675
1.610823
3.648536
7.982438
16.630595
32.084394
53.567715
60.000000
80.000000
71.481200
42.870184
22.268814
10.721970
4.920977
2.183740
0.944678
0.400454
0.166932
0.068605
0.027851
0.011185
0.004450
0.001755
0.000687
0.000267
0.000103
0.000040
0.000017
0.000010
0.000014
0.000031
0.000078
0.000200
0.000515
0.001316
0.003337
0.008389
0.020888
0.051453
0.125199
0.300341
0.708509
1.637805
3.690733
8.041478
16.701610
32.152638
53.610900
60.000000
80.000000
71.513220
42.921967
22.324439
10.769913
4.956556
2.207360
0.959055
0.408616
0.171309
0.070843
0.028951
0.011708
0.004691
0.001864
0.000735
0.000288
0.000112
0.000044
0.000019
0.000011
0.000015
0.000033
0.000084
0.000216
0.000551
0.001398
0.003518
0.008781
0.021713
0.053132
0.128481
0.306462
0.719291
1.655520
3.717417
8.077435
16.743329
32.191475
53.634915
60.000000
80.000000
71.531112
42.951460
22.356987
10.798865
4.978776
2.222624
0.968663
0.414251
0.174426
0.072486
0.029781
0.012113
0.004883
0.001952
0.000775
0.000306
0.000120
0.000047
0.000020
0.000012
0.000016
0.000036
0.000090
0.000229
0.000581
0.001464
0.003662
0.009085
0.022336
0.054364
0.130820
0.310688
0.726497
1.666968
3.734082
8.099149
16.767740
32.213595
53.648334
60.000000
80.000000
71.541150
42.968273
22.375978
10.816232
4.992512
2.232356
0.974983
0.418072
0.176604
0.073666
0.030394
0.012420
0.005032
0.002023
0.000807
0.000320
0.000126
0.000050
0.000021
0.000013
0.000017
0.000038
0.000095
0.000240
0.000605
0.001517
0.003774
0.009315
0.022795
0.055249
0.132453
0.313554
0.731237
1.674267
3.744384
8.112174
16.781983
32.226205
53.655863
60.000000
80.000000
71.546801
42.977867
22.387035
10.826594
5.000932
2.238493
0.979083
0.420623
0.178098
0.074498
0.030838
0.012648
0.005145
0.002077
0.000833
0.000332
0.000132
0.000053
0.000023
0.000014
0.000018
0.000040
0.000099
0.000249
0.000625
0.001558
0.003859
0.009486
0.023128
0.055873
0.133574
0.315467
0.734313
1.678870
3.750699
8.119946
16.790276
32.233400
53.660100
60.000000
80.000000
71.549991
42.983347
22.393462
10.832750
5.006057
2.242327
0.981714
0.422303
0.179109
0.075075
0.031153
0.012813
0.005229
0.002119
0.000853
0.000341
0.000136
0.000055
0.000024
0.000015
0.000019
0.000042
0.000102
0.000256
0.000640
0.001589
0.003922
0.009610
0.023365
0.056306
0.134331
0.316727
0.736285
1.681745
3.754543
8.124563
16.795097
32.237510
53.662493
60.000000
80.000000
71.551796
42.986480
22.397195
10.836395
5.009159
2.244702
0.983384
0.423396
0.179782
0.075469
0.031373
0.012932
0.005291
0.002150
0.000868
0.000349
0.000140
0.000056
0.000024
0.000015
0.000020
0.000043
0.000105
0.000262
0.000651
0.001612
0.003968
0.009699
0.023530
0.056602
0.134837
0.317547
0.737538
1.683527
3.756869
8.127296
16.797896
32.239860
53.663847
60.000000
80.000000
71.552820
42.988273
22.399360
10.838547
5.011027
2.246164
0.984435
0.424101
0.180227
0.075735
0.031525
0.013016
0.005335
0.002172
0.000879
0.000354
0.000142
0.000058
0.000025
0.000016
0.000020
0.000044
0.000107
0.000266
0.000660
0.001629
0.004001
0.009762
0.023644
0.056801
0.135170
0.318075
0.738326
1.684623
3.758270
8.128910
16.799520
32.241205
53.664615
60.000000
80.000000
71.553403
42.989300
22.400616
10.839814
5.012148
2.247059
0.985092
0.424550
0.180516
0.075912
0.031629
0.013074
0.005366
0.002189
0.000888
0.000358
0.000144
0.000059
0.000026
0.000016
0.000021
0.000045
0.000108
0.000269
0.000666
0.001642
0.004025
0.009805
0.023722
0.056934
0.135387
0.318413
0.738819
1.685294
3.759111
8.129860
16.800462
32.241975
53.665052
60.000000
80.000000
71.553734
42.989889
22.401344
10.840559
5.012817
2.247603
0.985499
0.424835
0.180704
0.076029
0.031699
0.013114
0.005388
0.002201
0.000894
0.000361
0.000146
0.000059
0.000026
0.000016
0.000021
0.000045
0.000110
0.000271
0.000671
0.001651
0.004041
0.009835
0.023774
0.057022
0.135528
0.318626
0.739124
1.685702
3.759613
8.130419
16.801008
32.242417
53.665300
60.000000
80.000000
71.553923
42.990227
22.401765
10.840996
5.013217
2.247933
0.985751
0.425014
0.180824
0.076106
0.031745
0.013141
0.005404
0.002209
0.000898
0.000364
0.000147
0.000060
0.000026
0.000016
0.000021
0.000046
0.000110
0.000273
0.000674
0.001657
0.004053
0.009856
0.023809
0.057079
0.135618
0.318760
0.739313
1.685950
3.759912
8.130747
16.801324
32.242670
53.665442
60.000000
80.000000
71.554031
42.990421
22.402010
10.841252
5.013454
2.248132
0.985905
0.425126
0.180900
0.076155
0.031776
0.013159
0.005414
0.002215
0.000902
0.000365
0.000148
0.000060
0.000027
0.000017
0.000022
0.000046
0.000111
0.000274
0.000676
0.001661
0.004061
0.009869
0.023832
0.057116
0.135675
0.318844
0.739429
1.686099
3.760090
8.130939
16.801507
32.242815
53.665523
60.000000
80.000000
71.554092
42.990532
22.402151
10.841402
5.013594
2.248252
0.986000
0.425195
0.180948
0.076187
0.031796
0.013171
0.005421
0.002219
0.000904
0.000367
0.000148
0.000061
0.000027
0.000017
0.000022
0.000046
0.000112
0.000275
0.000678
0.001664
0.004066
0.009878
0.023847
0.057140
0.135711
0.318896
0.739500
1.686189
3.760196
8.131052
16.801613
32.242899
53.665569
60.000000
80.000000
71.554128
42.990596
22.402233
10.841490
5.013678
2.248324
0.986057
0.425238
0.180979
0.076207
0.031809
0.013179
0.005426
0.002222
0.000905
0.000367
0.000149
0.000061
0.000027
0.000017
0.000022
0.000046
0.000112
0.000276
0.000679
0.001666
0.004069
0.009884
0.023857
0.057156
0.135734
0.318929
0.739543
1.686243
3.760258
8.131118
16.801675
32.242947
53.665596
60.000000
80.000000
71.554148
42.990633
22.402281
10.841541
5.013727
2.248367
0.986092
0.425265
0.180998
0.076220
0.031817
0.013184
0.005429
0.002223
0.000906
0.000368
0.000149
0.000061
0.000027
0.000017
0.000022
0.000046
0.000112
0.000276
0.000680
0.001668
0.004072
0.009888
0.023863
0.057165
0.135748
0.318948
0.739569
1.686275
3.760295
8.131156
16.801710
32.242975
53.665611
60.000000
80.000000
71.554160
42.990654
22.402308
10.841571
5.013756
2.248393
0.986113
0.425281
0.181009
0.076228
0.031823
0.013188
0.005431
0.002225
0.000907
0.000368
0.000149
0.000061
0.000027
0.000017
0.000022
0.000047
0.000112
0.000276
0.000680
0.001669
0.004073
0.009891
0.023867
0.057171
0.135757
0.318961
0.739585
1.686294
3.760317
8.131178
16.801731
32.242991
53.665620
60.000000
80.000000
71.554166
42.990666
22.402324
10.841589
5.013773
2.248408
0.986126
0.425291
0.181017
0.076234
0.031826
0.013190
0.005433
0.002226
0.000907
0.000369
0.000150
0.000061
0.000027
0.000017
0.000022
0.000047
0.000112
0.000277
0.000681
0.001669
0.004074
0.009893
0.023870
0.057175
0.135762
0.318968
0.739594
1.686306
3.760330
8.131191
16.801743
32.243000
53.665625
60.000000
80.000000
71.554170
42.990673
22.402332
10.841598
5.013782
2.248416
0.986133
0.425297
0.181021
0.076237
0.031828
0.013191
0.005433
0.002226
0.000908
0.000369
0.000150
0.000061
0.000027
0.000017
0.000022
0.000047
0.000112
0.000277
0.000681
0.001670
0.004075
0.009894
0.023871
0.057178
0.135766
0.318972
0.739600
1.686312
3.760337
8.131199
16.801749
32.243004
53.665627
60.000000
80.000000
71.554170
42.990675
22.402335
10.841602
5.013786
2.248421
0.986137
0.425300
0.181024
0.076239
0.031830
0.013192
0.005434
0.002226
0.000908
0.000369
0.000150
0.000061
0.000027
0.000017
0.000022
0.000047
0.000113
0.000277
0.000681
0.001670
0.004076
0.009894
0.023872
0.057179
0.135768
0.318975
0.739603
1.686315
3.760340
8.131201
16.801751
32.243006
53.665628
60.000000
80.000000
71.554167
42.990669
22.402330
10.841598
5.013784
2.248420
0.986137
0.425300
0.181024
0.076239
0.031830
0.013193
0.005434
0.002227
0.000908
0.000369
0.000150
0.000061
0.000027
0.000017
0.000022
0.000047
0.000113
0.000277
0.000681
0.001670
0.004076
0.009895
0.023873
0.057179
0.135768
0.318975
0.739603
1.686315
3.760338
8.131198
16.801747
32.243002
53.665625
60.000000
80.000000
71.554151
42.990644
22.402303
10.841575
5.013768
2.248409
0.986131
0.425297
0.181023
0.076239
0.031830
0.013193
0.005434
0.002227
0.000908
0.000369
0.000150
0.000061
0.000027
0.000017
0.000022
0.000047
0.000113
0.000277
0.000681
0.001670
0.004076
0.009895
0.023873
0.057179
0.135767
0.318973
0.739598
1.686307
3.760326
8.131181
16.801727
32.242983
53.665613
60.000000
80.000000
71.554092
42.990552
22.402208
10.841496
5.013711
2.248373
0.986110
0.425286
0.181017
0.076236
0.031829
0.013192
0.005434
0.002227
0.000908
0.000369
0.000150
0.000061
0.000027
0.000017
0.000022
0.000047
0.000113
0.000277
0.000681
0.001670
0.004076
0.009894
0.023872
0.057177
0.135763
0.318964
0.739582
1.686280
3.760284
8.131122
16.801656
32.242914
53.665569
60.000000
80.000000
71.553881
42.990229
22.401885
10.841239
5.013534
2.248263
0.986047
0.425252
0.181000
0.076228
0.031825
0.013190
0.005433
0.002226
0.000908
0.000369
0.000150
0.000061
0.000027
0.000017
0.000022
0.000047
0.000113
0.000277
0.000681
0.001670
0.004075
0.009893
0.023869
0.057171
0.135750
0.318939
0.739535
1.686198
3.760151
8.130929
16.801414
32.242672
53.665410
60.000000
80.000000
71.553118
42.989108
22.400815
10.840422
5.012994
2.247941
0.985869
0.425159
0.180953
0.076205
0.031815
0.013186
0.005431
0.002225
0.000908
0.000369
0.000150
0.000061
0.000027
0.000017
0.000022
0.000047
0.000113
0.000277
0.000681
0.001669
0.004074
0.009889
0.023861
0.057154
0.135715
0.318869
0.739401
1.685956
3.759746
8.130316
16.800611
32.241831
53.664839
60.000000
80.000000
71.550362
42.985243
22.397311
10.837880
5.011393
2.247026
0.985382
0.424913
0.180835
0.076150
0.031789
0.013175
0.005426
0.002223
0.000907
0.000368
0.000150
0.000061
0.000027
0.000017
0.000022
0.000047
0.000112
0.000276
0.000680
0.001667
0.004070
0.009881
0.023842
0.057112
0.135626
0.318685
0.739036
1.685270
3.758545
8.128410
16.797983
32.238932
53.662771
60.000000
80.000000
71.540345
42.972015
22.386049
10.830176
5.006788
2.244513
0.984097
0.424287
0.180541
0.076016
0.031730
0.013148
0.005415
0.002218
0.000905
0.000368
0.000149
0.000061
0.000027
0.000017
0.000022
0.000047
0.000112
0.000276
0.000679
0.001664
0.004061
0.009861
0.023797
0.057012
0.135406
0.318216
0.738073
1.683385
3.755091
8.122632
16.789537
32.229011
53.655258
60.000000
80.000000
71.503749
42.927349
22.350764
10.807576
4.994016
2.237868
0.980833
0.422751
0.179840
0.075704
0.031593
0.013090
0.005390
0.002208
0.000900
0.000366
0.000148
0.000061
0.000027
0.000017
0.000022
0.000046
0.000112
0.000274
0.000675
0.001656
0.004043
0.009817
0.023695
0.056778
0.134880
0.317063
0.735625
1.678401
3.745512
8.105682
16.763073
32.195512
53.627812
60.000000
80.000000
71.369532
42.779785
22.244134
10.744079
4.960189
2.221087
0.972905
0.419134
0.178233
0.075004
0.031293
0.012963
0.005337
0.002186
0.000891
0.000362
0.000147
0.000060
0.000027
0.000017
0.000022
0.000046
0.000110
0.000272
0.000669
0.001639
0.004003
0.009722
0.023470
0.056253
0.133675
0.314351
0.729679
1.665815
3.720141
8.058059
16.683101
32.084839
53.527149
60.000000
80.000000
70.877293
42.309810
21.938312
10.575618
4.875556
2.180941
0.954584
0.411001
0.174695
0.073489
0.030653
0.012695
0.005226
0.002140
0.000872
0.000354
0.000144
0.000059
0.000026
0.000016
0.000021
0.000045
0.000108
0.000266
0.000654
0.001605
0.003919
0.009521
0.022989
0.055117
0.131021
0.308251
0.715938
1.635706
3.656667
7.931714
16.453734
31.732357
53.157970
60.000000
80.000000
69.089593
40.905703
21.126332
10.161364
4.678046
2.090655
0.914479
0.393551
0.167221
0.070327
0.029328
0.012144
0.004998
0.002047
0.000834
0.000339
0.000137
0.000056
0.000025
0.000016
0.000020
0.000043
0.000103
0.000254
0.000626
0.001535
0.003749
0.009108
0.021996
0.052745
0.125416
0.295163
0.685859
1.567991
3.508534
7.621023
15.844749
30.679277
51.817195
60.000000
80.000000
62.808721
37.187003
19.205756
9.237604
4.252769
1.900596
0.831344
0.357774
0.152019
0.063933
0.026662
0.011040
0.004544
0.001861
0.000759
0.000308
0.000125
0.000051
0.000023
0.000014
0.000018
0.000039
0.000094
0.000231
0.000569
0.001396
0.003408
0.008280
0.019996
0.047950
0.114014
0.268330
0.623508
1.425447
3.189577
6.928203
14.404317
27.890252
47.106541
60.000000
