40.000000
17.026895
12.724479
10.097807
8.345426
7.100313
6.174415
5.462256
4.900329
4.448221
4.079060
3.774352
3.521001
3.309532
3.132970
2.986118
2.865084
2.766958
2.689593
2.631455
2.591526
2.569246
2.564482
2.577526
2.609128
2.660550
2.733675
2.831155
2.956650
3.115182
3.313667
3.561752
3.873149
4.267863
4.776067
5.445261
6.354429
7.644492
9.590602
12.793738
30.000000
40.000000
27.243032
20.359167
16.156491
13.352682
11.360501
9.879064
8.739609
7.840527
7.117153
6.526497
6.038963
5.633602
5.295252
5.012752
4.777788
4.584135
4.427133
4.303349
4.210327
4.146442
4.110794
4.103171
4.124042
4.174604
4.256881
4.373880
4.529847
4.730640
4.984291
5.301867
5.698803
6.197038
6.828581
7.641708
8.712418
10.167087
12.231187
15.344963
20.469981
30.000000
40.000000
31.586065
25.312666
20.816310
17.548308
15.109944
13.241730
11.776590
10.605017
9.653368
8.870810
8.221401
7.679192
7.225122
6.844996
6.528149
6.266532
6.054092
5.886341
5.760064
5.673119
5.624317
5.613366
5.640866
5.708367
5.818488
5.975117
6.183715
6.451772
6.789476
7.210708
7.734553
8.387621
9.207714
10.249764
11.595618
13.370312
15.768205
19.088084
23.741222
30.000000
40.000000
33.788561
28.489121
24.247774
20.914298
18.289237
16.201323
14.520006
13.149581
12.020492
11.081975
10.296639
9.636644
9.081046
8.613963
8.223281
7.899753
7.636361
7.427861
7.270470
7.161653
7.099990
7.085110
7.117689
7.199510
7.333587
7.524384
7.778123
8.103258
8.511132
9.016937
9.641081
10.411177
11.364892
12.554017
14.049975
15.950340
18.383238
21.497946
25.406823
30.000000
40.000000
35.079057
30.607485
26.771368
23.571871
20.931384
18.754318
16.952528
15.452810
14.197042
13.139959
12.246538
11.489697
10.848457
10.306528
9.851258
9.472839
9.163738
8.918271
8.732301
8.603033
8.528879
8.509394
8.545271
8.638395
8.791969
9.010707
9.301136
9.672004
10.134858
10.704825
11.401659
12.251113
13.286659
14.551437
16.099927
17.997834
20.316460
23.113638
26.388125
30.000000
40.000000
35.920181
32.090395
28.658342
25.670434
23.110111
20.932037
19.082980
17.512087
16.174909
15.034282
14.059855
13.227149
12.516555
11.912436
11.402383
10.976606
10.627481
10.349183
10.137431
9.989299
9.903099
9.878317
9.915605
10.016831
10.185185
10.425341
10.743710
11.148763
11.651470
12.265846
13.009617
13.904958
14.979193
16.265144
17.800463
19.624608
21.771131
24.252020
27.032040
30.000000
40.000000
36.511273
33.175570
30.101169
27.341414
24.906588
22.780739
20.935267
19.337651
17.956224
16.762405
15.731452
14.842490
14.078177
13.424280
12.869229
12.403724
12.020397
11.713549
11.478940
11.313634
11.215902
11.185168
11.222000
11.328141
11.506598
11.761764
12.099600
12.527869
13.056412
13.697473
14.466005
15.379909
16.460011
17.729485
19.212173
20.929004
22.891436
25.091269
27.488017
30.000000
40.000000
36.949340
33.999445
31.229351
28.687464
26.394089
24.349062
22.539699
20.947024
19.549933
18.327659
17.261060
16.333180
15.529383
14.837278
14.246531
13.748662
13.336833
13.005678
12.751146
12.570394
12.461707
12.424456
12.459085
12.567135
12.751302
13.015515
13.365057
13.806699
14.348839
15.001628
15.777021
16.688662
17.751459
18.980609
20.389742
21.987797
23.774341
25.733605
27.828757
30.000000
40.000000
37.286644
34.643517
32.129327
29.785000
27.633243
25.681723
23.927442
22.360812
20.968826
19.737239
18.651950
17.699785
16.868899
16.148917
15.530957
15.007558
14.572597
14.221183
13.949571
13.755088
13.636076
13.591863
13.622748
13.730014
13.915959
14.183937
14.538416
14.985031
15.530615
16.183179
16.951789
17.846258
18.876553
20.051750
21.378391
22.858100
24.484526
26.240051
28.093409
30.000000
40.000000
37.553719
35.158650
32.859441
30.689967
28.672161
26.817145
25.127532
23.599958
22.227320
21.000522
19.909714
18.945114
18.097508
17.358535
16.720820
16.178018
15.724814
15.356886
15.070869
14.864311
14.735648
14.684172
14.710029
14.814215
14.998583
15.265858
15.619639
16.064395
16.605412
17.248685
18.000696
18.868029
19.856745
20.971448
22.213970
23.581687
25.065611
26.648665
28.304826
30.000000
40.000000
37.769582
35.577925
33.459819
31.443266
29.548287
27.787163
26.165584
24.684167
23.339974
22.127814
21.041271
20.073448
19.217486
18.466896
17.815769
17.258880
16.791754
16.410678
16.112706
15.895641
15.758031
15.699147
15.718981
15.818233
15.998301
16.261271
16.609888
17.047496
17.577952
18.205453
18.934283
19.768416
20.710949
21.763327
22.924356
24.189067
25.547566
26.984172
28.477230
30.000000
40.000000
37.946686
35.923647
33.958644
32.074992
30.290559
28.617637
27.063473
25.631152
24.320594
23.129490
22.054107
21.089921
20.232090
19.475796
18.816478
18.249979
17.772643
17.381368
17.073634
16.847517
16.701687
16.635406
16.648517
16.741434
16.915116
17.171040
17.511144
17.937752
18.453446
19.060892
19.762566
20.560404
21.455310
22.446553
23.531060
24.702658
25.951414
27.263227
28.619922
30.000000
40.000000
38.093512
36.211336
34.376116
32.607499
30.921320
29.329354
27.839520
26.456376
25.181759
24.015444
22.955747
22.000038
21.145156
20.387721
19.724369
19.151916
18.667471
18.268515
17.952947
17.719106
17.565795
17.492271
17.498247
17.583869
17.749690
17.996627
18.325897
18.738919
19.237191
19.822101
20.494687
21.255324
22.103333
23.036517
24.050671
25.139092
26.292204
27.497400
28.739230
30.000000
40.000000
38.216028
36.452067
34.726987
33.057568
31.457867
29.938939
28.508876
27.173072
25.934623
24.794781
23.753398
22.809329
21.960775
21.205564
20.541362
19.965843
19.476810
19.072276
18.750530
18.510167
18.350115
18.269638
18.268331
18.346104
18.503148
18.739883
19.056896
19.454838
19.934298
20.495633
21.138756
21.862874
22.666179
23.545512
24.496016
25.510836
26.580909
27.694940
28.839599
30.000000
40.000000
38.318532
36.653916
35.022197
33.437920
31.913641
30.459658
29.083972
27.792412
26.588881
25.475660
24.453735
23.523103
22.683052
21.932396
21.269670
20.693286
20.201649
19.793251
19.466730
19.220917
19.054860
18.967833
18.959336
19.029070
19.176913
19.402861
19.706967
20.089239
20.549529
21.087377
21.701830
22.391236
23.152997
23.983335
24.877046
25.827326
26.825657
27.861850
28.924228
30.000000
40.000000
38.404185
36.822869
35.269963
33.758275
32.299118
30.902081
29.574943
28.323725
27.152828
26.065243
25.062779
24.146297
23.315935
22.571299
21.911638
21.335981
20.843250
20.432347
20.102221
19.851911
19.680574
19.587500
19.572108
19.633928
19.772572
19.987683
20.278870
20.645623
21.087203
21.602514
22.189954
22.847241
23.571240
24.357783
25.201509
26.095763
27.032544
28.002574
28.995463
30.000000
40.000000
38.475339
36.963412
35.476513
34.026098
32.622475
31.274604
29.989995
28.774715
27.633463
26.569705
25.585840
24.683372
23.863090
23.125226
22.469601
21.895749
21.403022
20.990667
20.657898
20.403932
20.228026
20.129486
20.107667
20.161962
20.291764
20.496428
20.775209
21.127180
21.551145
22.045524
22.608229
23.236534
23.926941
24.675046
25.475446
26.321672
27.206183
28.120439
29.055049
30.000000
40.000000
38.533758
37.078928
35.646579
34.247127
32.890081
31.583864
30.335719
29.151677
28.036603
26.994275
26.027503
25.138262
24.327829
23.596915
22.945791
22.374394
21.882420
21.469402
21.134770
20.877893
20.698111
20.594749
20.567115
20.614488
20.736093
20.931057
21.198356
21.536744
21.944674
22.420206
22.960903
23.563728
24.224941
24.940014
25.703557
26.509295
27.350077
28.217951
29.104295
30.000000
40.000000
38.580765
37.171963
35.783749
34.425751
33.106857
31.835054
30.617338
29.459672
28.366998
27.343288
26.391635
25.514343
24.713047
23.988814
23.342255
22.773616
22.282863
21.869752
21.533886
21.274759
21.091778
20.984285
20.951554
20.992782
21.107064
21.293352
21.550413
21.876764
22.270601
22.729724
23.251450
23.832532
24.469084
25.156511
25.889475
26.661874
27.466879
28.296994
29.144178
30.000000
40.000000
38.617340
37.244408
35.890702
34.565273
33.276540
32.032156
30.838909
29.702676
28.628426
27.620246
26.681404
25.814430
25.021201
24.303040
23.660799
23.094952
22.605663
22.192856
21.856266
21.595478
21.409956
21.299058
21.262034
21.298024
21.406027
21.584874
21.833182
22.149299
22.531244
22.976639
23.482639
24.045867
24.662350
25.327473
26.035955
26.781849
27.558570
28.358967
29.175425
30.000000
40.000000
38.644186
37.297628
35.969380
34.668097
33.401876
32.178122
31.003464
29.883698
28.823786
27.827865
26.899306
26.040770
25.254289
24.541344
23.902950
23.339729
22.851980
22.439743
22.102842
21.840931
21.653512
21.539955
21.499502
21.531252
21.634146
21.806935
22.048141
22.356005
22.728436
23.162948
23.656602
24.205948
24.806975
25.455075
26.145025
26.870996
27.626584
28.404878
29.198556
30.000000
40.000000
38.661775
37.332539
36.021092
34.735860
33.484743
32.274993
31.113125
30.004868
28.955152
27.968123
27.047185
26.195056
25.413840
24.705098
24.069928
23.509033
23.022787
22.611293
22.274431
22.011891
21.823204
21.707750
21.664766
21.693336
21.792370
21.960580
22.196442
22.498145
22.863546
23.290114
23.774873
24.314348
24.904528
25.540827
26.218075
26.930526
27.671892
28.435408
29.213919
30.000000
40.000000
38.670374
37.349662
36.046589
34.769506
33.526243
32.323982
31.169175
30.067497
29.023831
28.042291
27.126255
26.278430
25.500916
24.795281
24.162632
23.603688
23.118841
22.708212
22.371696
22.109000
21.919663
21.803075
21.758478
21.784954
21.881417
22.046575
22.278901
22.576586
22.937490
23.359091
23.838426
24.372044
24.955961
25.585629
26.255921
26.961140
27.695050
28.450941
29.221714
30.000000
40.000000
38.670058
37.349147
36.046095
34.769334
33.526742
32.325517
31.172097
30.072113
29.030386
28.050953
27.137114
26.291493
25.516114
24.812477
24.181631
23.624246
23.140677
22.731017
22.395142
22.132748
21.943373
21.826411
21.781114
21.806588
21.901769
22.065401
22.296001
22.591807
22.950739
23.370334
23.847696
24.379440
24.961643
25.589807
26.258842
26.963063
27.696228
28.451590
29.221997
30.000000
40.000000
38.660710
37.330774
36.019310
34.734992
33.485873
32.279249
31.121583
30.018471
28.974646
27.994022
27.079754
26.234313
25.459570
24.756882
24.127169
23.570989
23.088605
22.680037
22.345107
22.083477
21.894670
21.778080
21.732981
21.758513
21.853669
22.017262
22.247893
22.543904
22.903323
23.323809
23.802584
24.336378
24.921364
25.553116
26.226575
26.936043
27.675207
28.437197
29.214682
30.000000
40.000000
38.642010
37.293928
35.965378
34.665453
33.402508
32.184021
31.016515
29.905541
28.855705
27.870737
26.953568
26.106434
25.330971
24.628311
23.999173
23.443937
22.962718
22.555417
22.221772
21.961385
21.773749
21.658259
21.614216
21.640816
21.737131
21.902083
22.134405
22.432592
22.794842
23.218994
23.702455
24.242123
24.834319
25.474717
26.158299
26.879327
27.631361
28.407309
29.199533
30.000000
40.000000
38.613403
37.237549
35.882821
34.558933
33.274686
32.037813
30.854916
29.731472
28.671898
27.679651
26.757347
25.906885
25.129569
24.426220
23.797274
23.242868
22.762911
22.357143
22.025179
21.766541
21.580681
21.466992
21.424810
21.453403
21.551956
21.719535
21.955054
22.257216
22.624458
23.054871
23.546117
24.095341
24.699072
25.353135
26.052575
26.791605
27.563601
28.361145
29.176142
30.000000
40.000000
38.574054
37.160042
35.769423
34.412773
33.099490
31.837630
30.633864
29.493533
28.420763
27.418622
26.489283
25.634189
24.854200
24.149726
23.520835
22.967349
22.488915
22.085066
21.755261
21.498919
21.315441
21.204217
21.164627
21.196031
21.297754
21.469048
21.709058
22.016762
22.390904
22.829914
23.331802
23.894052
24.513492
25.186177
25.907262
26.670919
27.470292
28.297526
29.143892
30.000000
40.000000
38.522772
37.059144
35.622057
34.223246
32.872871
31.579352
30.349377
29.188032
28.099000
27.084791
26.146975
25.286389
24.503317
23.797648
23.168991
22.616777
22.140335
21.738944
21.411878
21.158434
20.977949
20.869809
20.833449
20.868342
20.973980
21.149846
21.395368
21.709868
22.092484
22.542079
23.057126
23.635571
24.274669
24.970818
25.719376
26.514517
27.349121
28.214777
29.101899
30.000000
40.000000
38.457888
36.931703
35.436416
33.985284
32.589395
31.257529
29.996261
28.810219
27.702413
26.674567
25.727438
24.861073
24.075032
23.368557
22.740703
22.190435
21.716704
21.318498
20.994874
20.744989
20.568110
20.463621
20.431018
20.469907
20.579979
20.760987
21.012700
21.334858
21.727083
22.188791
22.719054
23.316436
23.978796
24.703048
25.484909
26.318650
27.196899
28.110562
29.048927
30.000000
40.000000
38.377078
36.773365
35.206620
33.692078
32.241896
30.865108
29.567919
28.354172
27.225864
26.183627
25.227135
24.355433
23.567182
22.860847
22.234828
21.687556
21.217550
20.823468
20.504131
20.258539
20.085883
19.985545
19.957096
20.000289
20.115044
20.301420
20.559590
20.889779
21.292201
21.766949
22.313861
22.932323
23.621030
24.377670
25.198563
26.078275
27.009262
27.981645
28.983247
30.000000
40.000000
38.277060
36.578057
34.924623
33.334512
31.821002
30.393088
29.056135
27.812685
26.663245
25.606941
24.642044
23.766342
22.977415
22.272820
21.650208
21.107409
20.642471
20.253694
19.939642
19.699153
19.531338
19.435580
19.411532
19.459111
19.578485
19.770062
20.034459
20.372469
20.784992
21.272944
21.837116
22.477967
23.195332
23.988037
24.853397
25.786627
26.780230
27.823509
28.902416
30.000000
40.000000
38.153105
36.337180
34.579301
32.900345
31.314512
29.830109
28.450847
27.177189
26.007488
24.938850
23.967758
23.090475
22.303317
21.602808
20.985777
20.449401
19.991231
19.609193
19.301591
19.067094
18.904736
18.813905
18.794342
18.846136
18.969724
19.165882
19.435716
19.780645
20.202353
20.702719
21.283694
21.947095
22.694293
23.525750
24.440362
25.434604
26.501521
27.629744
28.802908
30.000000
40.000000
37.998182
36.038256
34.155058
32.373053
30.706594
29.161988
27.739955
26.437738
25.250667
24.173215
23.199661
22.324483
21.542569
20.849319
20.240690
19.713188
19.263858
18.890258
18.590434
18.362896
18.206606
18.120961
18.105794
18.161369
18.288394
18.488025
18.761880
19.112042
19.541055
20.051886
20.647846
21.332426
22.108996
22.980308
23.947696
25.009907
26.161506
27.391039
28.679472
30.000000
40.000000
37.801365
35.662604
33.629621
31.730218
29.976821
28.371293
26.909247
25.583140
24.384226
23.303680
22.333189
21.465228
20.693155
20.011211
19.414475
18.898803
18.460756
18.097548
17.806990
17.587451
17.437830
17.357540
17.346502
17.405152
17.534457
17.735944
18.011736
18.364589
18.797938
19.315923
19.923379
20.625767
21.428958
22.338788
23.360209
24.495822
25.743558
27.093434
28.523940
30.000000
40.000000
37.544674
35.181176
32.970605
30.941374
29.099181
27.437117
25.942599
24.601349
23.399419
22.324091
21.364188
20.510085
19.753612
19.087894
18.507198
18.006791
17.582814
17.232188
16.952527
16.742088
16.599724
16.524868
16.517524
16.578280
16.708338
16.909560
17.184529
17.536639
17.970187
18.490488
19.103981
19.818305
20.642282
21.585678
22.658528
23.869614
25.223472
26.715197
28.322854
30.000000
40.000000
37.196155
34.546820
32.130247
29.965494
28.041412
26.335395
24.822683
23.480237
22.288008
21.229079
20.289384
19.457313
18.723315
18.079555
17.519633
17.038348
16.631523
16.295861
16.028843
15.828648
15.694110
15.624683
15.620445
15.682106
15.811056
16.009427
16.280183
16.627251
17.055683
17.571861
18.183751
18.901190
19.736185
20.703113
21.818613
23.100633
24.565517
26.221028
28.052281
30.000000
40.000000
36.693126
33.679702
31.038070
28.748943
26.765577
25.040368
23.532501
22.208909
21.043298
20.014831
19.106958
18.306469
17.602778
16.987379
16.453430
15.995446
15.609069
15.290892
15.038335
14.849553
14.723384
14.659311
14.657465
14.718642
14.844354
15.036908
15.299524
15.636500
16.053433
16.557522
17.157970
17.866521
18.698156
19.671976
20.812178
22.148788
23.716936
25.551117
27.665241
30.000000
40.000000
35.896648
32.440792
29.593386
27.226632
25.231584
23.528001
22.058044
20.779600
19.661442
18.679991
17.817147
17.058825
16.393951
15.813753
15.311261
14.880937
14.518414
14.220303
13.984050
13.807847
13.690561
13.631713
13.631463
13.690644
13.810810
13.994327
14.244506
14.565792
14.964027
15.446824
16.024087
16.708766
17.517943
18.474457
19.609334
20.965406
22.602321
24.601263
27.057566
30.000000
40.000000
34.452673
30.593432
27.668052
25.332615
23.406125
21.782007
20.392076
19.190003
18.142879
17.226545
16.422814
15.717733
15.100446
14.562422
14.096924
13.698626
13.363348
13.087854
12.869717
12.707221
12.599302
12.545514
12.546030
12.601661
12.713915
12.885084
13.118381
13.418134
13.790059
14.241659
14.782790
15.426513
16.190393
17.098576
18.185294
19.501182
21.125679
23.194050
25.963758
30.000000
40.000000
31.320612
27.812211
25.152774
23.029650
21.278296
19.801824
18.538251
17.445457
16.493526
15.660495
14.929831
14.288849
13.727678
13.238566
12.815385
12.453297
12.148498
11.898049
11.699743
11.552019
11.453911
11.405013
11.405482
11.456056
11.558105
11.713713
11.925801
12.198304
12.536418
12.946963
13.438900
14.024102
14.718539
15.544160
16.532086
17.728347
19.205163
21.085500
23.603416
30.000000
