40.000000
16.990591
12.652100
9.989804
8.202476
6.923310
5.964466
5.220674
4.628623
4.148086
3.752369
3.423140
3.147456
2.915977
2.721849
2.559984
2.426580
2.318799
2.234551
2.172341
2.131175
2.110495
2.110154
2.130417
2.171983
2.236052
2.324425
2.439659
2.585304
2.766254
2.989288
3.263900
3.603641
4.028341
4.567989
5.269894
6.212838
7.537539
9.518937
12.757796
30.000000
40.000000
27.184946
20.243359
15.983687
13.123962
11.077296
9.543146
8.353078
7.405796
6.636937
6.003790
5.477024
5.035929
4.665563
4.354959
4.095975
3.882528
3.710079
3.575282
3.475746
3.409880
3.376792
3.376247
3.408667
3.475172
3.577683
3.719080
3.903454
4.136486
4.426006
4.782861
5.222241
5.765826
6.445346
7.308783
8.431830
9.940541
12.060062
15.230299
20.412474
30.000000
40.000000
31.506427
25.153890
20.579390
17.234726
14.721662
12.781177
11.246644
10.008987
8.994977
8.154164
7.450965
6.859764
6.361798
5.943142
5.593362
5.304608
5.070988
4.888139
4.752931
4.663270
4.617977
4.616731
4.660064
4.749424
4.887287
5.077366
5.324911
5.637168
6.024050
6.499134
7.081172
7.796415
8.682287
9.793314
11.210922
13.059711
15.533587
18.930876
23.662378
30.000000
40.000000
33.687688
28.288008
23.947678
20.517098
17.797418
15.617961
13.848747
12.394619
11.186538
10.174232
9.320764
8.598712
7.987515
7.471626
7.039229
6.681328
6.391109
6.163484
5.994780
5.882524
5.825305
5.822718
5.875353
5.984861
6.154078
6.387244
6.690315
7.071436
7.541602
8.115618
8.813473
9.662324
10.699357
11.975852
13.562699
15.556916
18.086058
21.298817
25.306955
30.000000
40.000000
34.957349
30.364831
26.409287
23.092629
20.337980
18.050462
16.142620
14.541909
13.190835
12.044721
11.069094
10.237379
9.529054
8.928240
8.422638
8.002746
7.661276
7.392734
7.193116
7.059697
6.990906
6.986253
7.046328
7.172858
7.368830
7.638689
7.988639
8.427057
8.965069
9.617337
10.403106
11.347583
12.483656
13.853851
15.512003
17.523147
19.957897
22.873378
26.267630
30.000000
40.000000
35.778120
31.807162
28.235710
25.111050
22.417473
20.110477
18.137633
16.448859
15.000436
13.755890
12.685511
11.765410
10.976513
10.303661
9.734859
9.260674
8.873767
8.568535
8.340851
8.187875
8.107935
8.100464
8.165997
8.306216
8.524057
8.823884
9.211727
9.695626
10.286060
10.996500
11.844078
12.850333
14.041906
15.450903
17.114221
19.070540
21.352606
23.971582
26.891394
30.000000
40.000000
36.349422
32.852882
29.619663
26.704104
24.117462
21.844730
19.858228
18.126308
16.618140
15.305925
14.165653
13.177120
12.323597
11.591391
10.969409
10.448750
10.022378
9.684845
9.432085
9.261259
9.170659
9.159649
9.228659
9.379225
9.614063
9.937211
10.354201
10.872299
11.500791
12.251297
13.138098
14.178366
15.392153
16.801813
18.430333
20.297750
22.414608
24.771765
27.327778
30.000000
40.000000
36.768340
33.638577
30.690876
27.974751
25.511598
23.302312
21.335231
19.592363
18.053535
16.698857
15.510005
14.470774
13.567211
12.787532
12.121935
11.562387
11.102421
10.736949
10.462118
10.275193
10.174482
10.159287
10.229903
10.387633
10.634852
10.975091
11.413152
11.955251
12.609163
13.384348
14.292002
15.344958
16.557257
17.943179
19.515398
21.281856
23.241096
25.376298
27.649560
30.000000
40.000000
37.087211
34.245898
31.536014
28.999705
26.660879
24.528370
22.600310
20.868191
19.320034
17.942559
16.722566
15.647711
14.706897
13.890423
13.189989
12.598631
12.110629
11.721404
11.427426
11.226141
11.115916
11.096006
11.166542
11.328548
11.583967
11.935712
12.387724
12.945028
13.613768
14.401192
15.315533
16.365709
17.560731
18.908666
20.415001
22.080265
23.896974
25.846355
27.895961
30.000000
40.000000
37.336641
34.725853
32.213633
29.835192
27.613765
25.561748
23.682981
21.975276
20.432649
19.047055
17.809626
16.711480
15.744222
14.900219
14.172732
13.555958
13.045020
12.635935
12.325572
12.111612
11.992512
11.967490
12.036506
12.200274
12.460263
12.818717
13.278660
13.843898
14.518967
15.309032
16.219669
17.256485
18.424502
19.727227
21.165343
22.735031
24.426075
26.220136
28.089908
30.000000
40.000000
37.535716
35.111656
32.764067
30.522386
28.408040
26.434680
24.609318
22.933839
21.406510
20.023274
18.778770
17.667073
16.682204
15.818463
15.070621
14.434039
13.904714
13.479298
13.155097
12.930057
12.802750
12.772365
12.838697
13.002138
13.263674
13.624875
14.087864
14.655273
15.330147
16.115792
17.015515
18.032240
19.167941
20.422881
21.794630
23.276932
24.858569
26.522501
28.245691
30.000000
40.000000
37.696954
35.425747
33.215692
31.091639
29.072957
27.173401
25.401629
23.762081
22.255963
20.882176
19.638116
18.520295
17.524812
16.647690
15.885097
15.233497
14.689742
14.251119
13.915377
13.680743
13.545915
13.510066
13.572828
13.734289
13.994967
14.355785
14.818021
15.383234
16.053146
16.829464
17.713625
18.706441
19.807620
21.015168
22.324690
23.728642
25.215674
26.770235
28.372675
30.000000
40.000000
37.828898
35.683765
33.588891
31.565547
29.631159
27.799053
26.078643
24.475923
22.994093
21.634209
20.395783
19.277283
18.276547
17.391082
16.618300
15.955675
15.400853
14.951727
14.606481
14.363616
14.221962
14.180684
14.239270
14.397520
14.655521
15.013603
15.472282
16.032170
16.693848
17.457694
18.323642
19.290877
20.357451
21.519831
22.772410
24.107031
25.512619
26.975030
28.477249
30.000000
40.000000
37.937573
35.896901
33.898585
31.961115
30.100223
28.328594
26.655895
25.089030
23.632529
22.288993
21.059532
19.944157
18.942120
18.052181
17.272825
16.602418
16.039326
15.581998
15.229022
14.979161
14.831376
14.784830
14.838886
14.993086
15.247131
15.600824
16.054016
16.606505
17.257919
18.007550
18.854149
19.795670
20.828973
21.949490
23.150892
24.424790
25.760545
27.145245
28.563915
30.000000
40.000000
38.027331
36.073337
34.155873
32.291275
30.493848
28.775597
27.146168
25.612969
24.181403
22.855164
21.636551
20.526772
19.526211
18.634660
17.851508
17.175891
16.606805
16.143195
15.784014
15.528269
15.375040
15.323498
15.372896
15.522556
15.771840
16.120101
16.566619
17.110513
17.750629
18.485392
19.312636
20.229398
21.231686
22.314249
23.470343
24.691561
25.967738
27.286990
28.635922
30.000000
40.000000
38.101380
36.219154
34.369118
32.565937
30.822747
29.150910
27.559918
26.057432
24.649413
23.340321
22.133331
21.030563
20.033293
19.142148
18.357262
17.678418
17.105151
16.636836
16.272748
16.012109
15.854111
15.797936
15.842746
15.987676
16.231804
16.574101
17.013376
17.548191
18.176763
18.896837
19.705547
20.599251
21.573362
22.622181
23.738747
24.914736
26.140435
27.404806
28.695668
30.000000
40.000000
38.162116
36.338927
34.544675
32.792739
31.095312
29.463186
27.905645
26.430452
25.043920
23.751034
22.555606
21.460443
20.467512
19.578097
18.792938
18.112349
17.536314
17.064571
16.696671
16.432021
16.269913
16.209540
16.249995
16.390259
16.629173
16.965399
17.397362
17.923178
18.540568
19.246755
20.038343
20.911200
21.860323
22.879729
23.962355
25.100011
26.283380
27.502104
28.744939
30.000000
40.000000
38.211343
36.436116
34.687395
32.977573
31.318099
29.719287
28.190199
26.738617
25.371065
24.092884
22.908340
21.820747
20.832597
19.945685
19.161226
18.479959
17.902232
17.428083
17.057288
16.789413
16.623834
16.559758
16.596225
16.732090
16.966010
17.296397
17.721373
18.238707
18.845739
19.539296
20.315593
21.170146
22.097670
23.092006
24.146058
25.251779
26.400190
27.581468
28.785083
30.000000
40.000000
38.250417
36.513335
34.800965
33.124961
31.496199
29.924601
28.419031
26.987242
25.635877
24.370511
23.195728
22.115204
21.131818
20.247749
19.464574
18.783360
18.204744
17.728997
17.356080
17.085682
16.917253
16.850013
16.882960
17.014858
17.244216
17.569259
17.987878
18.497578
19.095416
19.777926
20.541050
21.380054
22.289469
23.263031
24.293651
25.373415
26.493619
27.644849
28.817112
30.000000
40.000000
38.280348
36.572535
34.888153
33.238322
31.633489
30.083280
28.596389
27.180520
25.842377
24.587680
23.421221
22.346926
21.367946
20.486732
19.705127
19.024441
18.445522
17.968819
17.594431
17.322146
17.151468
17.081632
17.111607
17.240089
17.465484
17.785876
18.198990
18.702144
19.292192
19.965469
20.717722
21.544060
22.438894
23.395906
24.408033
25.467474
26.565733
27.693705
28.841780
30.000000
40.000000
38.301863
36.615125
34.950970
33.320153
31.732831
30.198415
28.725467
27.321641
25.993660
24.747323
23.587545
22.518409
21.543236
20.664660
19.884696
19.204818
18.626021
18.148876
17.773580
17.499989
17.327648
17.255803
17.283408
17.409113
17.631256
17.947830
18.356449
18.854309
19.438135
20.104134
20.847937
21.664556
22.548338
23.492946
24.491345
25.535824
26.618038
27.729090
28.859632
30.000000
40.000000
38.315452
36.642062
34.990782
33.372166
31.796196
30.272153
28.808510
27.412874
26.091957
24.851585
23.696726
22.631536
21.659423
20.783114
20.004720
19.325804
18.747445
18.270285
17.894577
17.620222
17.446788
17.373533
17.399402
17.523025
17.742701
18.056375
18.461606
18.955525
19.534793
20.195553
20.933384
21.743255
22.619494
23.555767
24.545068
25.579749
26.651559
27.751721
28.871034
30.000000
40.000000
38.321396
36.653891
35.008380
33.395358
31.824752
30.305788
28.846892
27.455631
26.138685
24.901859
23.750108
22.687589
21.717715
20.843227
20.066255
19.388386
18.810719
18.333919
17.958260
17.683656
17.509690
17.435625
17.460407
17.582666
17.800695
18.112432
18.515426
19.006800
19.583211
20.240799
20.975147
21.781234
22.653404
23.585346
24.570085
25.600005
26.666893
27.762011
28.876200
30.000000
40.000000
38.319778
36.650781
35.004013
33.390059
31.818903
30.299794
28.841150
27.450502
26.134476
24.898805
23.748371
22.687254
21.718797
20.845677
20.069969
19.393215
18.816480
18.340402
17.965236
17.690890
17.516943
17.442661
17.467003
17.588615
17.805816
18.116575
18.518479
19.008698
19.583939
20.240402
20.973729
21.778959
22.650492
23.582058
24.566712
25.596847
26.664232
27.760089
28.875192
30.000000
40.000000
38.310485
36.632516
34.977390
33.355931
31.778299
30.253839
28.790997
27.397266
26.079184
24.842362
23.691536
22.630631
21.662839
20.790694
20.016141
19.340611
18.765074
18.290097
17.915883
17.642303
17.468920
17.395003
17.419532
17.541188
17.758344
18.069040
18.470949
18.961343
19.537039
20.194356
20.929057
21.736294
22.610566
23.545673
24.534704
25.570035
26.643369
27.745801
28.867930
30.000000
40.000000
38.293193
36.598477
34.927647
33.291937
31.701800
30.166756
28.695301
27.294876
25.971886
24.731748
23.578972
22.517241
21.549505
20.678069
19.904673
19.230565
18.656568
18.183126
17.810354
17.538063
17.365789
17.292801
17.318105
17.440442
17.658267
17.969731
18.372642
18.864430
19.442087
20.102119
20.840476
21.652489
22.532807
23.475342
24.473227
25.518809
26.603670
27.718692
28.854175
30.000000
40.000000
38.267341
36.547591
34.853286
33.196265
31.587410
30.036480
28.552034
27.141425
25.810853
24.565452
23.409401
22.346037
21.377966
20.507173
19.735108
19.062769
18.490766
18.019379
17.648596
17.378149
17.207529
17.136005
17.162622
17.286196
17.505299
17.818233
18.222994
18.717228
19.298176
19.962606
20.706736
21.526154
22.415732
23.369546
24.380808
25.441829
26.544024
27.677964
28.833511
30.000000
40.000000
38.232081
36.478237
34.752054
33.066206
31.432150
29.859943
28.358192
26.934089
25.593523
24.341219
23.180895
22.115414
21.146924
20.276983
19.506664
18.836638
18.267245
17.798551
17.430386
17.162374
16.993956
16.924398
16.952794
17.078057
17.298905
17.613836
18.021088
18.518594
19.103918
19.774180
20.525964
21.355216
22.257127
23.226021
24.255244
25.337088
26.462759
27.622417
28.805308
30.000000
40.000000
38.186204
36.388115
34.620769
32.897964
31.231886
29.632926
28.109676
26.669045
25.316449
24.056031
22.890881
21.823232
20.854639
19.986119
19.218269
18.551357
17.985393
17.520182
17.155361
16.890431
16.724767
16.657635
16.688186
16.815454
17.038335
17.355566
17.765687
18.266989
18.857448
19.534641
20.295634
21.136861
22.053965
23.041641
24.093468
25.201767
26.357512
27.550337
28.768667
30.000000
40.000000
38.128020
36.274032
34.455059
32.686382
30.981075
29.349848
27.801142
26.341373
24.975249
23.706096
22.536157
21.466851
20.498981
19.632897
18.868620
18.205936
17.644465
17.183708
16.823081
16.561939
16.399586
16.335287
16.368264
16.497688
16.722669
17.042228
17.455265
17.960506
18.556438
19.241212
20.012525
20.867459
21.802292
22.812269
23.891362
25.032029
26.225027
27.459347
28.722327
30.000000
40.000000
38.055176
36.131576
34.248963
32.424545
30.672416
29.003497
27.425811
25.944948
24.564561
23.286843
22.112923
21.043180
20.077490
19.215400
18.456253
17.799279
17.243652
16.788530
16.433083
16.176505
16.018024
15.956906
15.992452
16.123994
16.350882
16.672465
17.088061
17.596912
18.198121
18.890549
19.672690
20.542485
21.497085
22.532549
23.643497
24.822723
26.060859
27.346155
28.664534
30.000000
40.000000
37.964359
35.954613
33.994338
32.103209
30.296383
28.584688
26.975255
25.472324
24.078009
22.792956
21.616844
20.548762
19.587468
18.731569
17.979635
17.330269
16.782156
16.334084
15.984954
15.733793
15.579747
15.522088
15.560206
15.693608
15.921910
16.244828
16.662152
17.173718
17.779345
18.478756
19.271435
20.156434
21.132092
22.195653
23.342777
24.566960
25.858933
27.206182
28.592812
30.000000
40.000000
37.850804
35.734469
33.679954
31.709989
29.840595
28.081848
26.439168
24.914658
23.508225
22.218445
21.043162
19.979896
19.026103
18.179323
17.437268
16.797870
16.259291
15.819929
15.478415
15.233600
15.084553
15.030554
15.071089
15.205853
15.434747
15.757877
16.175553
16.688266
17.296657
18.001449
18.803332
19.702762
20.699664
21.792970
22.979976
24.255496
25.610861
27.032946
28.503600
30.000000
40.000000
37.707436
35.458585
33.290090
31.228201
29.289020
27.480557
25.805176
24.261695
22.846943
21.556801
20.386863
19.332812
18.390632
17.556702
16.827828
16.201242
15.674577
15.245844
14.913404
14.675942
14.532454
14.482233
14.524866
14.660239
14.888544
15.210294
15.626339
16.137871
16.746431
17.453874
18.262297
19.173885
20.190613
21.313764
22.543135
23.875871
25.304892
26.817054
28.391605
30.000000
40.000000
37.523287
35.108190
32.802340
30.635247
28.621012
26.763123
25.058766
23.501908
22.085233
20.801264
19.642945
18.603904
17.678548
16.862052
16.150311
15.539871
15.027858
14.611919
14.290166
14.061136
13.923759
13.877349
13.921593
14.056564
14.282736
14.601022
15.012807
15.520000
16.125074
16.831104
17.641766
18.561271
19.594157
20.744854
22.016842
23.411195
24.924266
26.544456
28.248615
30.000000
40.000000
37.280326
34.654135
32.184171
29.900469
27.810315
25.908351
24.183487
22.622879
21.213939
19.945233
18.806775
17.790040
16.887853
16.094226
15.404203
14.813707
14.319417
13.918663
13.609347
13.389884
13.259160
13.216511
13.261720
13.395028
13.617170
13.929423
14.333673
14.832501
15.429294
16.128356
16.935021
17.855742
18.898073
20.070443
21.381490
22.838539
24.444631
26.193325
28.061123
30.000000
40.000000
36.946547
34.049166
31.387663
28.982627
26.824411
24.891870
23.161656
21.612083
20.224387
18.982861
17.874568
16.888932
16.017344
15.252808
14.589654
14.023304
13.550085
13.167091
12.872071
12.663356
12.539808
12.500793
12.546176
12.676344
12.892244
13.195455
13.588282
14.073889
14.656464
15.341435
16.135727
17.048055
18.089229
19.272364
20.612779
22.127048
23.830103
25.728254
27.805143
30.000000
40.000000
36.459210
33.213334
30.342169
27.827865
25.625084
23.687592
21.975897
20.458198
19.109408
17.909825
16.843951
15.899551
15.066921
14.338338
13.707647
13.169945
12.721348
12.358814
12.080016
11.883250
11.767380
11.731806
11.776463
11.901840
12.109035
12.399839
12.776852
13.243656
13.805042
14.467313
15.238696
16.129883
17.154736
18.331172
19.682149
21.236408
23.027754
25.089322
27.433640
30.000000
40.000000
35.679316
32.007488
28.946823
26.370856
24.171949
22.271133
20.611799
19.153009
17.864660
16.724223
15.714581
14.822551
14.037878
13.352521
12.760146
12.255755
11.835424
11.496100
11.235467
11.051845
10.944129
10.911758
10.954714
11.073544
11.269416
11.544217
11.900683
12.342593
12.875039
13.504804
14.240884
15.095250
16.083946
17.228711
18.559420
20.117711
21.961999
24.172208
26.842384
30.000000
40.000000
34.252753
30.194844
27.073291
24.545403
22.431387
20.625838
19.061703
17.693734
16.490054
15.427472
14.488704
13.660628
12.933140
12.298382
11.750202
11.283773
10.895317
10.581913
10.341348
10.172028
10.072911
10.043481
10.083740
10.194241
10.376135
10.631275
10.962343
11.373056
11.868440
12.455232
13.142454
13.942270
14.871286
15.952638
17.219498
18.721403
20.536659
22.799370
25.765817
30.000000
40.000000
31.138866
27.449858
24.612083
22.314003
20.392170
18.750762
17.328821
16.085213
14.990958
14.024974
13.171549
12.418753
11.757400
11.180347
10.682002
10.257975
9.904834
9.619921
9.401226
9.247298
9.157192
9.130437
9.167037
9.267491
9.432850
9.664795
9.965766
10.339142
10.789491
11.322938
11.947686
12.674791
13.519351
14.502398
15.654089
17.019457
18.669690
20.726700
23.423470
30.000000
