40.000000
17.025131
12.720962
10.092558
8.338478
7.091708
6.164207
5.450507
4.887113
4.433618
4.063161
3.757254
3.502810
3.290361
3.112935
2.965344
2.843699
2.745095
2.667385
2.609039
2.569041
2.546830
2.542274
2.555662
2.587743
2.639777
2.713641
2.811983
2.938460
3.098085
3.297768
3.547149
3.859933
4.256115
4.765859
5.436657
6.347481
7.639243
9.587085
12.791974
30.000000
40.000000
27.240209
20.353539
16.148093
13.341564
11.346733
9.862731
8.720812
7.819381
7.093788
6.501057
6.011606
5.604497
5.264577
4.980696
4.744551
4.549919
4.392151
4.267816
4.174462
4.110465
4.074929
4.067638
4.089060
4.140389
4.223643
4.341825
4.499173
4.701535
4.956935
5.276429
5.675438
6.175892
6.809784
7.625375
8.698651
10.155970
12.222788
15.339336
20.467158
30.000000
40.000000
31.582194
25.304949
20.804794
17.533065
15.091067
13.219336
11.750816
10.576022
9.621332
8.835930
8.183892
7.639285
7.183063
6.801045
6.482576
6.219619
6.006127
5.837621
5.710889
5.623791
5.575142
5.564646
5.592901
5.661454
5.772915
5.931166
6.141657
6.411866
6.751968
7.175829
7.702518
8.358627
9.181941
10.227370
11.576741
13.355070
15.756690
19.080368
23.737352
30.000000
40.000000
33.783658
28.479346
24.233187
20.894988
18.265324
16.172953
14.487355
13.112851
11.979908
11.037789
10.249123
9.586089
9.027766
8.558285
8.165549
7.840323
7.575599
7.366142
7.208174
7.099165
7.037694
7.023391
7.056928
7.140080
7.275857
7.468707
7.724844
8.052705
8.463616
8.972752
9.600499
10.374448
11.332242
12.525649
14.026063
15.931030
18.368650
21.488171
25.401921
30.000000
40.000000
35.073140
30.595689
26.753765
23.548569
20.902527
18.720084
16.913128
15.408487
14.148070
13.086639
12.189198
11.428691
10.784162
10.239341
9.781591
9.401123
9.090415
8.843793
8.657128
8.527627
8.453706
8.434917
8.471949
8.566680
8.722303
8.943521
9.236843
9.611000
10.077519
10.651506
11.352688
12.206791
13.247260
14.517204
16.071071
17.974532
20.298857
23.101842
26.382209
30.000000
40.000000
35.913274
32.076623
28.637791
25.643231
23.076422
20.892071
19.036983
17.460343
16.117736
14.972034
13.992915
13.155929
12.441495
11.833999
11.321052
10.892883
10.541882
10.262235
10.049671
9.901268
9.815339
9.791369
9.830006
9.933109
10.103855
10.346906
10.668652
11.077545
11.584531
12.203599
12.952446
13.853215
14.933198
16.225180
17.766776
19.597405
21.750581
24.238249
27.025134
30.000000
40.000000
36.503402
33.159877
30.077751
27.310414
24.868198
22.735195
20.882851
19.278686
17.891074
16.691470
15.655171
14.761332
13.992643
13.334898
12.776549
12.308317
11.922852
11.614468
11.378933
11.213318
11.115896
11.086088
11.124456
11.232736
11.413919
11.672382
12.014068
12.446712
12.980133
13.626540
14.400856
15.320946
16.407597
17.683943
19.173785
20.898005
22.868018
25.075577
27.480146
30.000000
40.000000
36.940536
33.981891
31.203156
28.652788
26.351147
24.298119
22.481068
20.881067
19.477057
18.248313
17.175733
16.242398
15.433707
14.737296
14.142861
13.641942
13.227722
12.894848
12.639280
12.458183
12.349842
12.313627
12.349974
12.460417
12.647633
12.915535
13.269383
13.715919
14.263514
14.922284
15.704147
16.622707
17.692830
18.929667
20.346802
21.953122
23.748146
25.716051
27.819954
30.000000
40.000000
37.276941
34.624170
32.100456
29.746783
27.585916
25.625576
23.862822
22.288119
20.888507
19.649789
18.557908
17.599732
16.763450
16.038724
15.416698
14.889939
14.452342
14.099034
13.826281
13.631417
13.512787
13.469715
13.502494
13.612396
13.801702
14.073746
14.432970
14.884980
15.436576
16.095732
16.871472
17.773567
18.811936
19.995606
21.331065
22.819884
24.455656
26.220705
28.083706
30.000000
40.000000
37.543154
35.137586
32.828006
30.648357
28.620631
26.756013
25.057175
23.520810
22.139869
20.905307
19.807322
18.836177
17.982697
17.238558
16.596416
16.049955
15.593881
15.223891
14.936631
14.729659
14.601411
14.551178
14.579098
14.686154
14.874182
15.145883
15.504830
15.955460
16.503023
17.153473
17.913248
18.788884
19.786390
20.910318
22.162442
23.540078
25.034177
26.627601
28.294261
30.000000
40.000000
37.758197
35.555224
33.425943
31.398424
29.492755
27.721283
26.089762
24.598872
23.245730
22.025204
20.930926
19.956049
19.093757
18.337601
17.681703
17.120870
16.650651
16.267353
15.968042
15.750530
15.613368
15.555824
15.577881
15.680225
15.864237
16.131978
16.486162
16.930101
17.467610
18.102845
18.840042
19.683124
20.635130
21.697449
22.868825
24.144226
25.513691
26.961472
28.465845
30.000000
40.000000
37.934524
35.899398
33.922457
32.027091
30.231239
28.547264
26.982481
25.540040
24.219923
23.019882
21.936237
20.964516
20.099923
19.337683
18.673269
18.102558
17.621918
17.228268
16.919105
16.692510
16.547158
16.482308
16.497793
16.594014
16.771909
17.032929
17.378980
17.812350
18.335580
18.951287
19.661899
20.469295
21.374320
22.376183
23.471742
24.654759
25.915229
27.238979
28.607760
30.000000
40.000000
38.080621
36.185633
34.337760
32.556726
30.858443
29.254761
27.753670
26.359800
25.075052
23.899263
22.830809
21.867113
21.005064
20.241326
19.572572
18.995654
18.507708
18.106235
17.789150
17.554804
17.401999
17.329992
17.338485
17.427609
17.597895
17.850234
18.185807
18.605997
19.112256
19.705923
20.387983
21.158751
22.017486
22.961927
23.987797
25.088321
26.253849
27.471698
28.726340
30.000000
40.000000
38.202457
36.425009
34.686609
33.004119
31.391676
29.860415
28.418502
27.071406
25.822293
24.672478
23.621876
22.669399
21.813300
21.051453
20.381566
19.801347
19.308627
18.901445
18.578102
18.337206
18.177688
18.098807
18.100150
18.181610
18.343354
18.585775
18.909424
19.314912
19.802779
20.373333
21.026429
21.761212
22.575809
23.466991
24.429828
25.457389
26.540533
27.667883
28.826029
30.000000
40.000000
38.304335
36.625609
34.979954
33.382003
31.844393
30.377508
28.989425
27.686052
26.471362
25.347708
24.316139
23.376711
22.528767
21.771169
21.102494
20.521192
20.025699
19.614529
19.286339
19.039968
18.874469
18.789113
18.783388
18.856979
19.009739
19.241637
19.552684
19.942851
20.411937
20.959428
21.584316
22.284878
23.058454
23.901187
24.807802
25.771410
26.783416
27.833544
28.910031
30.000000
40.000000
38.389416
36.793422
35.226020
33.700106
32.227082
30.816622
29.476589
28.213081
27.030577
25.932139
24.919642
23.994010
23.155436
22.403579
21.737730
21.156958
20.660215
20.246429
19.914566
19.663676
19.492920
19.401583
19.389075
19.454907
19.598667
19.819966
20.118375
20.493340
20.944070
21.469414
22.067707
22.736601
23.472890
24.272327
25.129476
26.037596
26.988603
27.973128
28.980694
30.000000
40.000000
38.460055
36.932940
35.431039
33.965903
32.547930
31.186169
29.888215
28.660217
27.506954
26.431965
25.437717
24.525781
23.697002
22.951664
22.289636
21.710491
21.213611
20.798273
20.463706
20.209140
20.033835
19.937093
19.918259
19.976705
20.111801
20.322869
20.609123
20.969592
21.403026
21.907787
22.481724
23.122041
23.825164
24.586614
25.400904
26.261479
27.160711
28.089968
29.039766
30.000000
40.000000
38.518019
37.047548
35.599751
34.185139
32.813316
31.492795
30.230907
29.033770
27.906326
26.852432
25.874968
24.975976
24.156793
23.418184
22.760466
22.183618
21.687368
21.271278
20.934795
20.677300
20.498137
20.396626
20.372065
20.423714
20.550771
20.752329
21.027324
21.374462
21.792144
22.278367
22.830630
23.445824
24.120134
24.848948
25.626795
26.447310
27.303250
28.186572
29.088557
30.000000
40.000000
38.564632
37.139796
35.735748
34.362211
33.028169
31.741704
30.509902
29.338812
28.233458
27.197893
26.235280
25.347993
24.537727
23.805606
23.152288
22.578061
22.082926
21.666665
21.328903
21.069141
20.886795
20.781199
20.751619
20.797230
20.917099
21.110147
21.375098
21.710418
22.114251
22.584333
23.117914
23.711675
24.361651
25.063165
25.810790
26.598336
27.418879
28.264829
29.128046
30.000000
40.000000
38.600875
37.211581
35.841714
34.500426
33.196235
31.936887
30.729263
29.579331
28.492141
27.471862
26.521835
25.644660
24.842278
24.116065
23.466927
22.895377
22.401615
21.985594
21.647068
21.385633
21.200759
21.091797
21.057989
21.098451
21.212157
21.397903
21.654262
21.979533
22.371679
22.828258
23.346358
23.922526
24.552708
25.232207
25.955653
26.717004
27.509583
28.326140
29.158961
30.000000
40.000000
38.627453
37.264267
35.919595
34.602195
33.320264
32.081303
30.892035
29.758346
28.685283
27.677067
26.737141
25.868239
25.072455
24.351328
23.705924
23.136907
22.644613
22.229110
21.890241
21.627673
21.440911
21.329323
21.292137
21.328432
21.437123
21.616923
21.866310
22.183477
22.566275
23.012153
23.518104
24.080600
24.695550
25.358259
26.063416
26.805097
27.576801
28.371518
29.181824
30.000000
40.000000
38.644839
37.298773
35.970703
34.669158
33.402141
32.177000
31.000344
29.877995
28.814970
27.815495
26.883053
26.020432
25.229800
24.512777
23.870512
23.303751
22.812904
22.398104
22.059250
21.796046
21.608024
21.494563
21.454886
21.488056
21.592956
21.768262
22.012405
22.323524
22.699418
23.137491
23.634694
24.187479
24.791751
25.442837
26.135476
26.863827
27.621505
28.401643
29.196985
30.000000
40.000000
38.653301
37.315622
35.995791
34.702264
33.442971
32.225194
31.055480
29.939595
28.882512
27.888425
26.960791
26.102389
25.315383
24.601400
23.961598
23.396741
22.907256
22.493294
22.154770
21.891403
21.702738
21.588159
21.546895
21.578010
21.680386
21.852697
22.093371
22.400549
22.772031
23.205230
23.697111
24.244146
24.842269
25.486844
26.172652
26.893900
27.644254
28.416902
29.204642
30.000000
40.000000
38.652914
37.314965
35.995085
34.701811
33.443123
32.226317
31.057927
29.943677
28.888477
27.896446
26.970960
26.114718
25.329807
24.617787
23.979759
23.416436
22.928210
22.515203
22.177312
21.914245
21.725543
21.610598
21.568649
21.598780
21.699899
21.870715
22.109698
22.415036
22.784589
23.215831
23.705792
24.251009
24.847477
25.490611
26.175226
26.895543
27.645220
28.417410
29.204853
30.000000
40.000000
38.643562
37.296582
35.968286
34.667451
33.402230
32.180021
31.007382
29.890000
28.832698
27.839472
26.913555
26.057489
25.273211
24.562138
23.925240
23.363121
22.876079
22.464163
22.127217
21.864913
21.676780
21.562208
21.520457
21.550648
21.651743
21.822521
22.061538
22.367084
22.737128
23.169263
23.660641
24.207911
24.807167
25.453892
26.142936
26.868504
27.624185
28.403007
29.197534
30.000000
40.000000
38.624923
37.259859
35.914538
34.598155
33.319167
32.085151
30.902725
29.777532
28.714268
27.716742
26.787966
25.930246
25.145283
24.434268
23.797971
23.236817
22.750956
22.340321
22.004666
21.743607
21.556643
21.443164
21.402457
21.433699
21.535932
21.708044
21.948722
22.256408
22.629245
23.065004
23.561022
24.114119
24.720533
25.375850
26.074960
26.812031
27.580523
28.373242
29.182447
30.000000
40.000000
38.596444
37.203735
35.832361
34.492139
33.191969
31.939683
30.741978
29.604422
28.531519
27.526810
26.592985
25.732016
24.945271
24.233630
23.597578
23.037298
22.552735
22.143657
21.809698
21.550394
21.365200
21.253506
21.214636
21.247836
21.352263
21.526949
21.770760
22.082352
22.460101
22.902034
23.405743
23.968295
24.586137
25.255008
25.969861
26.724814
27.513143
28.327332
29.159184
30.000000
40.000000
38.557289
37.126615
35.719540
34.346742
33.017717
31.740620
30.522215
29.367933
28.281988
27.267526
26.326798
25.461317
24.672007
23.959335
23.323419
22.764127
22.281139
21.874017
21.542240
21.285240
21.102421
20.993170
20.956853
20.992812
21.100342
21.278660
21.526868
21.843894
22.228424
22.678822
23.193031
23.768456
24.401847
25.089170
25.825492
26.604890
27.420410
28.264100
29.127127
30.000000
40.000000
38.506265
37.026232
35.572943
34.158233
32.792359
31.483838
30.239451
29.064370
27.962365
26.936026
25.986997
25.116183
24.323934
23.610193
22.974621
22.416690
21.935764
21.531151
21.202143
20.948051
20.768214
20.662017
20.628880
20.668257
20.779613
20.962395
21.215989
21.539666
21.932509
22.393318
22.920496
23.511913
24.164746
24.875307
25.638868
26.449506
27.300009
28.181867
29.085393
30.000000
40.000000
38.441704
36.899435
35.388262
33.921541
32.510456
31.163882
29.888483
28.688974
27.568448
26.528709
25.570585
24.694193
23.899155
23.184766
22.550131
21.994258
21.516131
21.114765
20.789238
20.538718
20.362475
20.259889
20.230447
20.273732
20.389411
20.577199
20.836827
21.167982
21.570235
22.042937
22.585093
23.195194
23.871021
24.609404
25.405974
26.254910
27.148747
28.078295
29.032743
30.000000
40.000000
38.361279
36.741864
35.159613
33.629853
32.164837
30.773690
29.462706
28.235813
27.095088
26.041241
25.074017
24.192526
23.395491
22.681431
22.048793
21.496048
21.021751
20.624585
20.303390
20.057178
19.885143
19.786663
19.761299
19.808785
19.929011
20.122008
20.387903
20.726876
21.139086
21.624567
22.183089
22.813968
23.515821
24.286255
25.121507
26.016053
26.962256
27.950146
28.967449
30.000000
40.000000
38.261708
36.547447
34.878943
33.274045
31.746121
30.304254
28.953896
27.697671
26.536165
25.468580
24.493253
23.608039
22.810577
22.098474
21.469431
20.921314
20.452206
20.060431
19.744574
19.503483
19.336271
19.242319
19.221269
19.273018
19.397710
19.595719
19.867624
20.214170
20.636204
21.134586
21.710040
22.362956
23.093096
23.899206
24.778519
25.726162
26.734552
27.792900
28.887064
30.000000
40.000000
38.138259
36.307578
34.535127
32.841871
31.242099
29.744202
28.351977
27.065966
25.884596
24.805048
23.823870
22.937389
22.141977
21.434209
20.810958
20.269440
19.807237
19.422301
19.112952
18.877872
18.716097
18.627013
18.610349
18.666177
18.794907
18.997285
19.274380
19.627563
20.058469
20.568921
21.160806
21.835875
22.595427
23.439847
24.367951
25.376133
26.457349
27.600144
28.788062
30.000000
40.000000
37.983899
36.009778
34.112561
32.316799
30.636929
29.079342
27.644838
26.330736
25.132439
24.044491
23.061235
22.177208
21.387353
20.687119
20.072506
19.540057
19.086847
18.710459
18.408955
18.180856
18.025127
17.941163
17.928784
17.988240
18.120212
18.325828
18.606667
18.964770
19.402632
19.923166
20.529623
21.225428
22.013883
22.897665
23.878034
24.953655
26.119011
27.362562
28.665189
30.000000
40.000000
37.787701
35.635360
33.588965
31.676400
29.910175
28.292228
26.818251
25.480774
24.271122
23.180534
22.200761
21.324334
20.544664
19.856039
19.253578
18.733173
18.291414
17.925539
17.633374
17.413299
17.264215
17.185533
17.177163
17.239524
17.373562
17.580775
17.863248
18.223698
18.665513
19.192780
19.810278
20.523405
21.337966
22.259726
23.293565
24.442007
25.702904
27.066191
28.510276
30.000000
40.000000
37.531682
35.155271
32.931947
30.890203
29.035811
27.361939
25.856077
24.504015
23.291875
22.207000
21.238270
20.376118
19.612422
18.940351
18.354212
17.849304
17.421798
17.068635
16.787447
16.576497
16.434644
16.361317
16.356509
16.420795
16.555354
16.762019
17.043342
17.402675
17.844273
18.373399
18.996440
19.720975
20.555762
21.510503
22.595161
23.818444
25.184816
26.689293
28.309863
30.000000
40.000000
37.183885
34.522355
32.093739
29.917167
27.981564
26.264396
24.740970
23.388314
22.186441
21.118495
20.170465
19.330792
18.589972
17.940212
17.375149
16.889615
16.479457
16.141399
15.872938
15.672262
15.538205
15.470222
15.468379
15.533374
15.666575
15.870086
16.146843
16.500733
16.936767
17.461280
18.082187
18.809270
19.654475
20.632116
21.758768
23.052308
24.529010
26.196564
28.040011
30.000000
40.000000
36.681626
33.656772
31.003851
28.703647
26.709483
24.973823
23.455913
22.122751
20.948102
19.911184
18.995498
18.187884
17.477799
16.856777
16.318009
15.856042
15.466541
15.146119
14.892209
14.702976
14.577259
14.514539
14.514939
14.579240
14.708935
14.906308
15.174548
15.517918
15.941976
16.453878
17.062777
17.780366
18.621571
19.605433
20.756086
22.103494
23.682719
25.528188
27.653741
30.000000
40.000000
35.885961
32.419485
29.561590
27.184543
25.179461
23.466166
21.986879
20.699542
19.572986
18.583682
17.713578
16.948636
16.277820
15.692397
15.185427
14.751402
14.385977
14.085779
13.848270
13.671647
13.554781
13.497190
13.499027
13.561111
13.684979
13.872973
14.128378
14.455605
14.860461
15.350517
15.935634
16.628711
17.446780
18.412625
19.557213
20.923319
22.570526
24.579957
27.046880
30.000000
40.000000
34.442842
30.573831
27.638802
25.293896
23.358176
21.725123
20.326609
19.116355
18.061505
17.137947
16.327538
15.616367
14.993614
14.450782
13.981165
13.579463
13.241515
12.964102
12.744808
12.581926
12.474393
12.421763
12.424198
12.482499
12.598159
12.773447
13.011551
13.316770
13.694786
14.153063
14.701418
15.352867
16.124927
17.041694
18.137347
19.462464
21.096430
23.174450
25.953928
30.000000
40.000000
31.311675
27.794392
25.126183
22.994451
21.234705
19.750112
18.478735
17.378505
16.419550
15.579952
14.843216
14.196697
13.630558
13.137075
12.710150
12.344966
12.037741
11.785547
11.586189
11.438115
11.340358
11.292511
11.294725
11.347727
11.452871
11.612224
11.828683
12.106154
12.449805
12.866421
13.364926
13.957152
14.659025
15.492449
16.488497
17.693149
19.178573
21.067682
23.594480
30.000000
