0.000000e+00
1.175087e-07
2.342929e-07
3.496327e-07
4.628168e-07
5.731475e-07
6.799446e-07
7.825495e-07
8.803298e-07
9.726826e-07
1.059038e-06
1.138865e-06
1.211670e-06
1.277005e-06
1.334466e-06
1.383700e-06
1.424404e-06
1.456325e-06
1.479267e-06
1.493090e-06
1.497707e-06
1.493090e-06
1.479267e-06
1.456325e-06
1.424404e-06
1.383700e-06
1.334466e-06
1.277005e-06
1.211670e-06
1.138865e-06
1.059038e-06
9.726826e-07
8.803298e-07
7.825495e-07
6.799446e-07
5.731475e-07
4.628168e-07
3.496327e-07
2.342929e-07
1.175087e-07
0.000000e+00
0.000000e+00
1.880139e-07
3.748687e-07
5.594123e-07
7.405069e-07
9.170360e-07
1.087911e-06
1.252079e-06
1.408528e-06
1.556292e-06
1.694462e-06
1.822184e-06
1.938672e-06
2.043208e-06
2.135146e-06
2.213921e-06
2.279046e-06
2.330120e-06
2.366828e-06
2.388943e-06
2.396331e-06
2.388943e-06
2.366828e-06
2.330120e-06
2.279046e-06
2.213921e-06
2.135146e-06
2.043208e-06
1.938672e-06
1.822184e-06
1.694462e-06
1.556292e-06
1.408528e-06
1.252079e-06
1.087911e-06
9.170360e-07
7.405068e-07
5.594122e-07
3.748687e-07
1.880139e-07
0.000000e+00
0.000000e+00
2.577905e-07
5.139916e-07
7.670238e-07
1.015327e-06
1.257370e-06
1.491662e-06
1.716757e-06
1.931267e-06
2.133870e-06
2.323318e-06
2.498441e-06
2.658161e-06
2.801492e-06
2.927551e-06
3.035561e-06
3.124855e-06
3.194884e-06
3.245215e-06
3.275539e-06
3.285667e-06
3.275539e-06
3.245215e-06
3.194884e-06
3.124855e-06
3.035561e-06
2.927551e-06
2.801492e-06
2.658161e-06
2.498441e-06
2.323318e-06
2.133870e-06
1.931267e-06
1.716756e-06
1.491662e-06
1.257370e-06
1.015327e-06
7.670238e-07
5.139916e-07
2.577905e-07
0.000000e+00
0.000000e+00
3.265680e-07
6.511226e-07
9.716628e-07
1.286212e-06
1.592832e-06
1.889631e-06
2.174780e-06
2.446521e-06
2.703179e-06
2.943170e-06
3.165015e-06
3.367348e-06
3.548919e-06
3.708610e-06
3.845437e-06
3.958555e-06
4.047267e-06
4.111026e-06
4.149440e-06
4.162271e-06
4.149440e-06
4.111026e-06
4.047267e-06
3.958555e-06
3.845437e-06
3.708610e-06
3.548919e-06
3.367348e-06
3.165015e-06
2.943170e-06
2.703179e-06
2.446521e-06
2.174780e-06
1.889631e-06
1.592832e-06
1.286212e-06
9.716628e-07
6.511226e-07
3.265680e-07
0.000000e+00
0.000000e+00
3.940798e-07
7.857301e-07
1.172536e-06
1.552113e-06
1.922120e-06
2.280278e-06
2.624376e-06
2.952294e-06
3.262011e-06
3.551616e-06
3.819324e-06
4.063484e-06
4.282592e-06
4.475297e-06
4.640409e-06
4.776912e-06
4.883964e-06
4.960905e-06
5.007259e-06
5.022743e-06
5.007259e-06
4.960905e-06
4.883964e-06
4.776912e-06
4.640409e-06
4.475297e-06
4.282592e-06
4.063484e-06
3.819324e-06
3.551615e-06
3.262010e-06
2.952294e-06
2.624376e-06
2.280278e-06
1.922120e-06
1.552113e-06
1.172536e-06
7.857301e-07
3.940799e-07
0.000000e+00
0.000000e+00
4.600645e-07
9.172925e-07
1.368865e-06
1.811998e-06
2.243960e-06
2.662086e-06
3.063801e-06
3.446625e-06
3.808201e-06
4.146297e-06
4.458830e-06
4.743873e-06
4.999668e-06
5.224639e-06
5.417398e-06
5.576757e-06
5.701733e-06
5.791557e-06
5.845673e-06
5.863749e-06
5.845673e-06
5.791557e-06
5.701733e-06
5.576757e-06
5.417398e-06
5.224639e-06
4.999668e-06
4.743873e-06
4.458830e-06
4.146297e-06
3.808200e-06
3.446625e-06
3.063801e-06
2.662086e-06
2.243960e-06
1.811998e-06
1.368865e-06
9.172925e-07
4.600645e-07
0.000000e+00
0.000000e+00
5.242661e-07
1.045300e-06
1.559889e-06
2.064861e-06
2.557102e-06
3.033578e-06
3.491351e-06
3.927599e-06
4.339632e-06
4.724909e-06
5.081056e-06
5.405876e-06
5.697368e-06
5.953733e-06
6.173391e-06
6.354989e-06
6.497405e-06
6.599764e-06
6.661432e-06
6.682031e-06
6.661432e-06
6.599764e-06
6.497405e-06
6.354989e-06
6.173391e-06
5.953733e-06
5.697368e-06
5.405876e-06
5.081056e-06
4.724909e-06
4.339632e-06
3.927599e-06
3.491351e-06
3.033578e-06
2.557102e-06
2.064861e-06
1.559889e-06
1.045300e-06
5.242661e-07
0.000000e+00
0.000000e+00
5.864359e-07
1.169256e-06
1.744868e-06
2.309721e-06
2.860335e-06
3.393314e-06
3.905371e-06
4.393351e-06
4.854245e-06
5.285210e-06
5.683590e-06
6.046929e-06
6.372987e-06
6.659753e-06
6.905459e-06
7.108592e-06
7.267897e-06
7.382393e-06
7.451374e-06
7.474415e-06
7.451374e-06
7.382393e-06
7.267897e-06
7.108591e-06
6.905459e-06
6.659753e-06
6.372987e-06
6.046929e-06
5.683590e-06
5.285210e-06
4.854244e-06
4.393351e-06
3.905371e-06
3.393314e-06
2.860335e-06
2.309721e-06
1.744868e-06
1.169256e-06
5.864359e-07
0.000000e+00
0.000000e+00
6.463329e-07
1.288681e-06
1.923084e-06
2.545630e-06
3.152482e-06
3.739898e-06
4.304256e-06
4.842077e-06
5.350045e-06
5.825028e-06
6.264097e-06
6.664547e-06
7.023907e-06
7.339963e-06
7.610765e-06
7.834645e-06
8.010221e-06
8.136412e-06
8.212439e-06
8.237833e-06
8.212439e-06
8.136412e-06
8.010221e-06
7.834645e-06
7.610765e-06
7.339963e-06
7.023907e-06
6.664547e-06
6.264097e-06
5.825028e-06
5.350045e-06
4.842077e-06
4.304256e-06
3.739898e-06
3.152482e-06
2.545630e-06
1.923084e-06
1.288681e-06
6.463329e-07
0.000000e+00
0.000000e+00
7.037251e-07
1.403112e-06
2.093847e-06
2.771674e-06
3.432412e-06
4.071988e-06
4.686459e-06
5.272037e-06
5.825110e-06
6.342270e-06
6.820328e-06
7.256336e-06
7.647606e-06
7.991727e-06
8.286576e-06
8.530335e-06
8.721502e-06
8.858897e-06
8.941675e-06
8.969325e-06
8.941675e-06
8.858897e-06
8.721502e-06
8.530335e-06
8.286575e-06
7.991727e-06
7.647606e-06
7.256336e-06
6.820328e-06
6.342270e-06
5.825110e-06
5.272037e-06
4.686459e-06
4.071988e-06
3.432412e-06
2.771674e-06
2.093847e-06
1.403112e-06
7.037251e-07
0.000000e+00
0.000000e+00
7.583900e-07
1.512104e-06
2.256496e-06
2.986975e-06
3.699039e-06
4.388297e-06
5.050500e-06
5.681565e-06
6.277601e-06
6.834933e-06
7.350126e-06
7.820003e-06
8.241667e-06
8.612519e-06
8.930271e-06
9.192965e-06
9.398982e-06
9.547050e-06
9.636258e-06
9.666055e-06
9.636258e-06
9.547050e-06
9.398982e-06
9.192965e-06
8.930271e-06
8.612518e-06
8.241667e-06
7.820003e-06
7.350126e-06
6.834933e-06
6.277601e-06
5.681565e-06
5.050500e-06
4.388297e-06
3.699039e-06
2.986975e-06
2.256496e-06
1.512104e-06
7.583900e-07
0.000000e+00
0.000000e+00
8.101157e-07
1.615237e-06
2.410399e-06
3.190701e-06
3.951331e-06
4.687600e-06
5.394968e-06
6.069074e-06
6.705762e-06
7.301108e-06
7.851439e-06
8.353364e-06
8.803787e-06
9.199932e-06
9.539357e-06
9.819968e-06
1.004004e-05
1.019820e-05
1.029350e-05
1.032533e-05
1.029350e-05
1.019820e-05
1.004004e-05
9.819968e-06
9.539357e-06
9.199932e-06
8.803787e-06
8.353364e-06
7.851439e-06
7.301107e-06
6.705762e-06
6.069074e-06
5.394968e-06
4.687600e-06
3.951331e-06
3.190701e-06
2.410399e-06
1.615237e-06
8.101157e-07
0.000000e+00
0.000000e+00
8.587018e-07
1.712109e-06
2.554961e-06
3.382061e-06
4.188309e-06
4.968735e-06
5.718527e-06
6.433062e-06
7.107935e-06
7.738986e-06
8.322323e-06
8.854350e-06
9.331788e-06
9.751691e-06
1.011147e-05
1.040891e-05
1.064218e-05
1.080983e-05
1.091084e-05
1.094458e-05
1.091084e-05
1.080983e-05
1.064218e-05
1.040891e-05
1.011147e-05
9.751691e-06
9.331788e-06
8.854350e-06
8.322323e-06
7.738986e-06
7.107935e-06
6.433062e-06
5.718527e-06
4.968735e-06
4.188309e-06
3.382061e-06
2.554961e-06
1.712109e-06
8.587018e-07
0.000000e+00
0.000000e+00
9.039599e-07
1.802347e-06
2.689621e-06
3.560314e-06
4.409055e-06
5.230614e-06
6.019924e-06
6.772119e-06
7.482562e-06
8.146872e-06
8.760954e-06
9.321022e-06
9.823623e-06
1.026566e-05
1.064440e-05
1.095752e-05
1.120308e-05
1.137957e-05
1.148590e-05
1.152142e-05
1.148590e-05
1.137957e-05
1.120308e-05
1.095752e-05
1.064440e-05
1.026566e-05
9.823622e-06
9.321022e-06
8.760954e-06
8.146872e-06
7.482561e-06
6.772119e-06
6.019924e-06
5.230614e-06
4.409055e-06
3.560314e-06
2.689621e-06
1.802347e-06
9.039599e-07
0.000000e+00
0.000000e+00
9.457148e-07
1.885599e-06
2.813858e-06
3.724768e-06
4.612714e-06
5.472221e-06
6.297990e-06
7.084930e-06
7.828189e-06
8.523184e-06
9.165631e-06
9.751569e-06
1.027739e-05
1.073984e-05
1.113608e-05
1.146366e-05
1.172056e-05
1.190520e-05
1.201645e-05
1.205360e-05
1.201645e-05
1.190520e-05
1.172056e-05
1.146366e-05
1.113608e-05
1.073984e-05
1.027739e-05
9.751569e-06
9.165631e-06
8.523184e-06
7.828189e-06
7.084930e-06
6.297990e-06
5.472221e-06
4.612714e-06
3.724768e-06
2.813858e-06
1.885599e-06
9.457148e-07
0.000000e+00
0.000000e+00
9.838045e-07
1.961543e-06
2.927189e-06
3.874787e-06
4.798496e-06
5.692621e-06
6.551649e-06
7.370283e-06
8.143478e-06
8.866465e-06
9.534787e-06
1.014432e-05
1.069132e-05
1.117240e-05
1.158459e-05
1.192537e-05
1.219262e-05
1.238470e-05
1.250042e-05
1.253907e-05
1.250042e-05
1.238470e-05
1.219262e-05
1.192537e-05
1.158459e-05
1.117240e-05
1.069132e-05
1.014432e-05
9.534787e-06
8.866465e-06
8.143478e-06
7.370283e-06
6.551649e-06
5.692621e-06
4.798496e-06
3.874787e-06
2.927189e-06
1.961543e-06
9.838045e-07
0.000000e+00
0.000000e+00
1.018081e-06
2.029886e-06
3.029176e-06
4.009789e-06
4.965682e-06
5.890959e-06
6.779916e-06
7.627073e-06
8.427206e-06
9.175383e-06
9.866991e-06
1.049777e-05
1.106382e-05
1.156166e-05
1.198822e-05
1.234086e-05
1.261742e-05
1.281620e-05
1.293595e-05
1.297595e-05
1.293595e-05
1.281620e-05
1.261742e-05
1.234086e-05
1.198822e-05
1.156166e-05
1.106382e-05
1.049777e-05
9.866991e-06
9.175383e-06
8.427206e-06
7.627073e-06
6.779916e-06
5.890959e-06
4.965682e-06
4.009789e-06
3.029176e-06
2.029886e-06
1.018081e-06
0.000000e+00
0.000000e+00
1.048413e-06
2.090362e-06
3.119423e-06
4.129252e-06
5.113622e-06
6.066466e-06
6.981908e-06
7.854304e-06
8.678275e-06
9.448742e-06
1.016095e-05
1.081052e-05
1.139344e-05
1.190611e-05
1.234538e-05
1.270853e-05
1.299333e-05
1.319802e-05
1.332135e-05
1.336254e-05
1.332135e-05
1.319802e-05
1.299333e-05
1.270853e-05
1.234538e-05
1.190611e-05
1.139344e-05
1.081052e-05
1.016095e-05
9.448742e-06
8.678275e-06
7.854303e-06
6.981908e-06
6.066466e-06
5.113622e-06
4.129252e-06
3.119423e-06
2.090362e-06
1.048413e-06
0.000000e+00
0.000000e+00
1.074681e-06
2.142736e-06
3.197581e-06
4.232711e-06
5.241745e-06
6.218462e-06
7.156841e-06
8.051095e-06
8.895711e-06
9.685482e-06
1.041554e-05
1.108138e-05
1.167890e-05
1.220442e-05
1.265469e-05
1.302694e-05
1.331888e-05
1.352870e-05
1.365512e-05
1.369734e-05
1.365512e-05
1.352870e-05
1.331888e-05
1.302694e-05
1.265469e-05
1.220442e-05
1.167890e-05
1.108138e-05
1.041554e-05
9.685482e-06
8.895711e-06
8.051095e-06
7.156841e-06
6.218462e-06
5.241745e-06
4.232711e-06
3.197581e-06
2.142736e-06
1.074681e-06
0.000000e+00
0.000000e+00
1.096784e-06
2.186806e-06
3.263346e-06
4.319766e-06
5.349554e-06
6.346359e-06
7.304037e-06
8.216684e-06
9.078671e-06
9.884686e-06
1.062976e-05
1.130929e-05
1.191911e-05
1.245543e-05
1.291496e-05
1.329487e-05
1.359281e-05
1.380695e-05
1.393596e-05
1.397906e-05
1.393596e-05
1.380695e-05
1.359281e-05
1.329487e-05
1.291496e-05
1.245543e-05
1.191911e-05
1.130929e-05
1.062976e-05
9.884686e-06
9.078671e-06
8.216684e-06
7.304037e-06
6.346359e-06
5.349554e-06
4.319766e-06
3.263346e-06
2.186806e-06
1.096784e-06
0.000000e+00
0.000000e+00
1.114637e-06
2.222402e-06
3.316464e-06
4.390080e-06
5.436630e-06
6.449660e-06
7.422927e-06
8.350429e-06
9.226447e-06
1.004558e-05
1.080278e-05
1.149338e-05
1.211312e-05
1.265817e-05
1.312518e-05
1.351128e-05
1.381407e-05
1.403169e-05
1.416280e-05
1.420660e-05
1.416280e-05
1.403169e-05
1.381407e-05
1.351128e-05
1.312518e-05
1.265817e-05
1.211312e-05
1.149338e-05
1.080278e-05
1.004558e-05
9.226447e-06
8.350429e-06
7.422927e-06
6.449660e-06
5.436630e-06
4.390080e-06
3.316464e-06
2.222402e-06
1.114637e-06
0.000000e+00
0.000000e+00
1.128170e-06
2.249384e-06
3.356730e-06
4.443380e-06
5.502636e-06
6.527966e-06
7.513049e-06
8.451811e-06
9.338466e-06
1.016755e-05
1.093394e-05
1.163292e-05
1.226018e-05
1.281185e-05
1.328454e-05
1.367532e-05
1.398179e-05
1.420205e-05
1.433475e-05
1.437908e-05
1.433475e-05
1.420205e-05
1.398179e-05
1.367532e-05
1.328454e-05
1.281185e-05
1.226018e-05
1.163292e-05
1.093394e-05
1.016755e-05
9.338466e-06
8.451811e-06
7.513049e-06
6.527966e-06
5.502636e-06
4.443380e-06
3.356730e-06
2.249384e-06
1.128170e-06
0.000000e+00
0.000000e+00
1.137330e-06
2.267648e-06
3.383986e-06
4.479460e-06
5.547316e-06
6.580972e-06
7.574054e-06
8.520439e-06
9.414293e-06
1.025010e-05
1.102272e-05
1.172738e-05
1.235973e-05
1.291588e-05
1.339241e-05
1.378636e-05
1.409532e-05
1.431737e-05
1.445115e-05
1.449584e-05
1.445115e-05
1.431737e-05
1.409532e-05
1.378636e-05
1.339241e-05
1.291588e-05
1.235973e-05
1.172738e-05
1.102272e-05
1.025010e-05
9.414293e-06
8.520439e-06
7.574054e-06
6.580972e-06
5.547316e-06
4.479460e-06
3.383986e-06
2.267648e-06
1.137330e-06
0.000000e+00
0.000000e+00
1.142083e-06
2.277125e-06
3.398127e-06
4.498179e-06
5.570498e-06
6.608474e-06
7.605705e-06
8.556045e-06
9.453635e-06
1.029294e-05
1.106878e-05
1.177639e-05
1.241138e-05
1.296986e-05
1.344837e-05
1.384397e-05
1.415422e-05
1.437720e-05
1.451154e-05
1.455641e-05
1.451154e-05
1.437720e-05
1.415422e-05
1.384397e-05
1.344837e-05
1.296986e-05
1.241138e-05
1.177639e-05
1.106878e-05
1.029294e-05
9.453634e-06
8.556045e-06
7.605705e-06
6.608473e-06
5.570498e-06
4.498179e-06
3.398127e-06
2.277125e-06
1.142083e-06
0.000000e+00
0.000000e+00
1.142410e-06
2.277776e-06
3.399099e-06
4.499466e-06
5.572092e-06
6.610364e-06
7.607881e-06
8.558493e-06
9.456338e-06
1.029588e-05
1.107195e-05
1.177975e-05
1.241493e-05
1.297357e-05
1.345222e-05
1.384793e-05
1.415827e-05
1.438131e-05
1.451569e-05
1.456058e-05
1.451569e-05
1.438131e-05
1.415827e-05
1.384793e-05
1.345222e-05
1.297357e-05
1.241493e-05
1.177975e-05
1.107195e-05
1.029588e-05
9.456338e-06
8.558493e-06
7.607881e-06
6.610364e-06
5.572092e-06
4.499466e-06
3.399099e-06
2.277776e-06
1.142410e-06
0.000000e+00
0.000000e+00
1.138309e-06
2.269600e-06
3.386898e-06
4.483315e-06
5.552090e-06
6.586635e-06
7.580572e-06
8.527771e-06
9.422394e-06
1.025893e-05
1.103221e-05
1.173747e-05
1.237037e-05
1.292700e-05
1.340393e-05
1.379822e-05
1.410745e-05
1.432969e-05
1.446359e-05
1.450831e-05
1.446359e-05
1.432969e-05
1.410745e-05
1.379822e-05
1.340393e-05
1.292700e-05
1.237037e-05
1.173747e-05
1.103221e-05
1.025892e-05
9.422394e-06
8.527771e-06
7.580572e-06
6.586635e-06
5.552090e-06
4.483315e-06
3.386898e-06
2.269600e-06
1.138309e-06
0.000000e+00
0.000000e+00
1.129797e-06
2.252628e-06
3.361571e-06
4.449788e-06
5.510572e-06
6.537380e-06
7.523884e-06
8.464000e-06
9.351933e-06
1.018221e-05
1.094971e-05
1.164970e-05
1.227786e-05
1.283033e-05
1.330370e-05
1.369504e-05
1.400195e-05
1.422253e-05
1.435543e-05
1.439982e-05
1.435543e-05
1.422253e-05
1.400195e-05
1.369504e-05
1.330370e-05
1.283033e-05
1.227786e-05
1.164970e-05
1.094971e-05
1.018221e-05
9.351933e-06
8.464000e-06
7.523884e-06
6.537380e-06
5.510571e-06
4.449788e-06
3.361571e-06
2.252628e-06
1.129797e-06
0.000000e+00
0.000000e+00
1.116906e-06
2.226925e-06
3.323215e-06
4.399017e-06
5.447697e-06
6.462789e-06
7.438037e-06
8.367427e-06
9.245229e-06
1.006603e-05
1.082477e-05
1.151678e-05
1.213777e-05
1.268394e-05
1.315190e-05
1.353878e-05
1.384219e-05
1.406025e-05
1.419163e-05
1.423552e-05
1.419163e-05
1.406025e-05
1.384219e-05
1.353878e-05
1.315190e-05
1.268394e-05
1.213777e-05
1.151678e-05
1.082477e-05
1.006603e-05
9.245229e-06
8.367427e-06
7.438037e-06
6.462789e-06
5.447696e-06
4.399017e-06
3.323215e-06
2.226925e-06
1.116906e-06
0.000000e+00
0.000000e+00
1.099686e-06
2.192593e-06
3.271981e-06
4.331197e-06
5.363709e-06
6.363152e-06
7.323364e-06
8.238425e-06
9.102694e-06
9.910842e-06
1.065789e-05
1.133922e-05
1.195064e-05
1.248839e-05
1.294914e-05
1.333005e-05
1.362878e-05
1.384349e-05
1.397284e-05
1.401605e-05
1.397284e-05
1.384349e-05
1.362878e-05
1.333005e-05
1.294914e-05
1.248839e-05
1.195064e-05
1.133922e-05
1.065789e-05
9.910842e-06
9.102694e-06
8.238425e-06
7.323364e-06
6.363152e-06
5.363709e-06
4.331197e-06
3.271981e-06
2.192593e-06
1.099686e-06
0.000000e+00
0.000000e+00
1.078205e-06
2.149763e-06
3.208066e-06
4.246591e-06
5.258934e-06
6.238854e-06
7.180309e-06
8.077496e-06
8.924882e-06
9.717243e-06
1.044969e-05
1.111772e-05
1.171720e-05
1.224444e-05
1.269619e-05
1.306966e-05
1.336256e-05
1.357307e-05
1.369989e-05
1.374226e-05
1.369989e-05
1.357307e-05
1.336256e-05
1.306966e-05
1.269619e-05
1.224444e-05
1.171720e-05
1.111772e-05
1.044969e-05
9.717243e-06
8.924882e-06
8.077496e-06
7.180309e-06
6.238854e-06
5.258934e-06
4.246591e-06
3.208066e-06
2.149763e-06
1.078205e-06
0.000000e+00
0.000000e+00
1.052545e-06
2.098601e-06
3.131718e-06
4.145527e-06
5.133778e-06
6.090377e-06
7.009427e-06
7.885262e-06
8.712481e-06
9.485985e-06
1.020100e-05
1.085313e-05
1.143835e-05
1.195304e-05
1.239404e-05
1.275862e-05
1.304455e-05
1.325004e-05
1.337385e-05
1.341521e-05
1.337385e-05
1.325004e-05
1.304455e-05
1.275862e-05
1.239404e-05
1.195304e-05
1.143835e-05
1.085313e-05
1.020100e-05
9.485985e-06
8.712481e-06
7.885262e-06
7.009427e-06
6.090377e-06
5.133778e-06
4.145527e-06
3.131718e-06
2.098601e-06
1.052545e-06
0.000000e+00
0.000000e+00
1.022806e-06
2.039306e-06
3.043233e-06
4.028398e-06
4.988726e-06
5.918297e-06
6.811380e-06
7.662468e-06
8.466315e-06
9.217964e-06
9.912781e-06
1.054648e-05
1.111516e-05
1.161531e-05
1.204385e-05
1.239813e-05
1.267598e-05
1.287567e-05
1.299598e-05
1.303617e-05
1.299598e-05
1.287567e-05
1.267598e-05
1.239813e-05
1.204385e-05
1.161531e-05
1.111516e-05
1.054648e-05
9.912781e-06
9.217964e-06
8.466315e-06
7.662468e-06
6.811380e-06
5.918297e-06
4.988726e-06
4.028398e-06
3.043233e-06
2.039306e-06
1.022806e-06
0.000000e+00
0.000000e+00
9.891031e-07
1.972108e-06
2.942954e-06
3.895656e-06
4.824340e-06
5.723280e-06
6.586935e-06
7.409978e-06
8.187337e-06
8.914218e-06
9.586140e-06
1.019896e-05
1.074890e-05
1.123257e-05
1.164699e-05
1.198960e-05
1.225829e-05
1.245140e-05
1.256775e-05
1.260661e-05
1.256775e-05
1.245140e-05
1.225829e-05
1.198960e-05
1.164699e-05
1.123257e-05
1.074890e-05
1.019896e-05
9.586140e-06
8.914218e-06
8.187337e-06
7.409978e-06
6.586935e-06
5.723280e-06
4.824340e-06
3.895656e-06
2.942954e-06
1.972108e-06
9.891031e-07
0.000000e+00
0.000000e+00
9.515668e-07
1.897267e-06
2.831270e-06
3.747817e-06
4.641257e-06
5.506083e-06
6.336962e-06
7.128771e-06
7.876629e-06
8.575925e-06
9.222348e-06
9.811912e-06
1.034098e-05
1.080630e-05
1.120499e-05
1.153459e-05
1.179309e-05
1.197887e-05
1.209080e-05
1.212819e-05
1.209080e-05
1.197887e-05
1.179309e-05
1.153459e-05
1.120499e-05
1.080630e-05
1.034098e-05
9.811912e-06
9.222348e-06
8.575925e-06
7.876629e-06
7.128771e-06
6.336962e-06
5.506083e-06
4.641257e-06
3.747817e-06
2.831270e-06
1.897267e-06
9.515668e-07
0.000000e+00
0.000000e+00
9.103427e-07
1.815073e-06
2.708613e-06
3.585453e-06
4.440187e-06
5.267547e-06
6.062430e-06
6.819936e-06
7.535396e-06
8.204396e-06
8.822815e-06
9.386837e-06
9.892987e-06
1.033814e-05
1.071956e-05
1.103489e-05
1.128218e-05
1.145992e-05
1.156700e-05
1.160277e-05
1.156700e-05
1.145992e-05
1.128218e-05
1.103489e-05
1.071956e-05
1.033814e-05
9.892987e-06
9.386837e-06
8.822815e-06
8.204396e-06
7.535395e-06
6.819936e-06
6.062430e-06
5.267547e-06
4.440187e-06
3.585453e-06
2.708613e-06
1.815073e-06
9.103427e-07
0.000000e+00
0.000000e+00
8.655906e-07
1.725845e-06
2.575458e-06
3.409193e-06
4.221909e-06
5.008596e-06
5.764403e-06
6.484671e-06
7.164958e-06
7.801071e-06
8.389088e-06
8.925384e-06
9.406651e-06
9.829923e-06
1.019259e-05
1.049242e-05
1.072756e-05
1.089655e-05
1.099837e-05
1.103238e-05
1.099837e-05
1.089655e-05
1.072756e-05
1.049242e-05
1.019259e-05
9.829923e-06
9.406651e-06
8.925383e-06
8.389088e-06
7.801071e-06
7.164958e-06
6.484671e-06
5.764403e-06
5.008596e-06
4.221909e-06
3.409193e-06
2.575458e-06
1.725845e-06
8.655906e-07
0.000000e+00
0.000000e+00
8.174839e-07
1.629928e-06
2.432323e-06
3.219721e-06
3.987269e-06
4.730234e-06
5.444036e-06
6.124274e-06
6.766753e-06
7.367513e-06
7.922850e-06
8.429340e-06
8.883860e-06
9.283608e-06
9.626119e-06
9.909283e-06
1.013135e-05
1.029096e-05
1.038712e-05
1.041924e-05
1.038712e-05
1.029096e-05
1.013135e-05
9.909283e-06
9.626119e-06
9.283608e-06
8.883860e-06
8.429339e-06
7.922850e-06
7.367513e-06
6.766753e-06
6.124274e-06
5.444036e-06
4.730234e-06
3.987269e-06
3.219721e-06
2.432322e-06
1.629928e-06
8.174839e-07
0.000000e+00
0.000000e+00
7.662090e-07
1.527694e-06
2.279760e-06
3.017771e-06
3.737176e-06
4.433541e-06
5.102571e-06
5.740142e-06
6.342323e-06
6.905402e-06
7.425906e-06
7.900627e-06
8.326639e-06
8.701314e-06
9.022342e-06
9.287745e-06
9.495885e-06
9.645480e-06
9.735608e-06
9.765712e-06
9.735608e-06
9.645480e-06
9.495885e-06
9.287744e-06
9.022342e-06
8.701314e-06
8.326639e-06
7.900627e-06
7.425906e-06
6.905402e-06
6.342323e-06
5.740142e-06
5.102571e-06
4.433541e-06
3.737176e-06
3.017771e-06
2.279760e-06
1.527694e-06
7.662089e-07
0.000000e+00
0.000000e+00
7.119646e-07
1.419540e-06
2.118363e-06
2.804126e-06
3.472600e-06
4.119665e-06
4.741330e-06
5.333764e-06
5.893313e-06
6.416528e-06
6.900183e-06
7.341296e-06
7.737148e-06
8.085297e-06
8.383598e-06
8.630211e-06
8.823616e-06
8.962621e-06
9.046368e-06
9.074341e-06
9.046368e-06
8.962621e-06
8.823616e-06
8.630211e-06
8.383598e-06
8.085297e-06
7.737148e-06
7.341296e-06
6.900183e-06
6.416528e-06
5.893313e-06
5.333764e-06
4.741330e-06
4.119665e-06
3.472600e-06
2.804126e-06
2.118363e-06
1.419540e-06
7.119646e-07
0.000000e+00
0.000000e+00
6.549610e-07
1.305884e-06
1.948756e-06
2.579613e-06
3.194566e-06
3.789823e-06
4.361715e-06
4.906715e-06
5.421464e-06
5.902788e-06
6.347719e-06
6.753514e-06
7.117671e-06
7.437946e-06
7.712364e-06
7.939232e-06
8.117152e-06
8.245027e-06
8.322069e-06
8.347802e-06
8.322069e-06
8.245027e-06
8.117152e-06
7.939232e-06
7.712364e-06
7.437946e-06
7.117671e-06
6.753514e-06
6.347719e-06
5.902787e-06
5.421464e-06
4.906715e-06
4.361715e-06
3.789823e-06
3.194566e-06
2.579613e-06
1.948756e-06
1.305884e-06
6.549610e-07
0.000000e+00
0.000000e+00
5.954191e-07
1.187167e-06
1.771596e-06
2.345102e-06
2.904151e-06
3.445294e-06
3.965195e-06
4.460650e-06
4.928603e-06
5.366170e-06
5.770653e-06
6.139558e-06
6.470610e-06
6.761769e-06
7.011240e-06
7.217483e-06
7.379229e-06
7.495479e-06
7.565517e-06
7.588911e-06
7.565517e-06
7.495479e-06
7.379229e-06
7.217483e-06
7.011240e-06
6.761769e-06
6.470610e-06
6.139558e-06
5.770653e-06
5.366170e-06
4.928603e-06
4.460650e-06
3.965195e-06
3.445294e-06
2.904151e-06
2.345102e-06
1.771596e-06
1.187167e-06
5.954191e-07
0.000000e+00
