0.000000
0.001234
0.002454
0.003650
0.004808
0.005917
0.006968
0.007952
0.008861
0.009691
0.010437
0.011097
0.011670
0.012155
0.012553
0.012868
0.013101
0.013256
0.013335
0.013341
0.013279
0.013149
0.012955
0.012697
0.012378
0.011998
0.011557
0.011057
0.010498
0.009880
0.009204
0.008473
0.007688
0.006852
0.005969
0.005043
0.004081
0.003089
0.002073
0.001040
0.000000
0.000000
0.001974
0.003927
0.005840
0.007692
0.009467
0.011148
0.012723
0.014178
0.015506
0.016700
0.017756
0.018671
0.019447
0.020085
0.020589
0.020962
0.021209
0.021336
0.021346
0.021246
0.021038
0.020727
0.020316
0.019805
0.019197
0.018492
0.017692
0.016797
0.015808
0.014727
0.013557
0.012300
0.010963
0.009550
0.008069
0.006530
0.004942
0.003316
0.001664
0.000000
0.000000
0.002704
0.005379
0.007999
0.010536
0.012967
0.015270
0.017427
0.019420
0.021239
0.022874
0.024320
0.025575
0.026638
0.027512
0.028201
0.028712
0.029051
0.029224
0.029239
0.029101
0.028817
0.028391
0.027827
0.027127
0.026294
0.025329
0.024233
0.023007
0.021652
0.020172
0.018569
0.016848
0.015016
0.013081
0.011053
0.008944
0.006769
0.004542
0.002280
0.000000
0.000000
0.003419
0.006803
0.010116
0.013325
0.016400
0.019312
0.022039
0.024560
0.026860
0.028929
0.030757
0.032344
0.033688
0.034793
0.035665
0.036311
0.036740
0.036959
0.036977
0.036803
0.036444
0.035905
0.035192
0.034307
0.033254
0.032033
0.030647
0.029096
0.027383
0.025511
0.023484
0.021307
0.018990
0.016543
0.013978
0.011312
0.008561
0.005744
0.002883
0.000000
0.000000
0.004117
0.008191
0.012180
0.016044
0.019746
0.023253
0.026537
0.029572
0.032342
0.034832
0.037034
0.038944
0.040563
0.041894
0.042944
0.043722
0.044237
0.044501
0.044524
0.044314
0.043882
0.043233
0.042374
0.041308
0.040040
0.038570
0.036901
0.035034
0.032972
0.030717
0.028276
0.025656
0.022866
0.019919
0.016831
0.013620
0.010308
0.006916
0.003472
0.000000
0.000000
0.004794
0.009537
0.014182
0.018681
0.022991
0.027075
0.030897
0.034432
0.037657
0.040556
0.043120
0.045344
0.047229
0.048778
0.050001
0.050907
0.051507
0.051814
0.051840
0.051596
0.051093
0.050337
0.049337
0.048097
0.046620
0.044908
0.042965
0.040791
0.038390
0.035765
0.032923
0.029872
0.026623
0.023192
0.019597
0.015859
0.012002
0.008053
0.004042
0.000000
0.000000
0.005446
0.010835
0.016111
0.021222
0.026119
0.030758
0.035101
0.039116
0.042780
0.046074
0.048986
0.051513
0.053654
0.055414
0.056803
0.057832
0.058514
0.058863
0.058893
0.058616
0.058043
0.057185
0.056049
0.054640
0.052962
0.051018
0.048810
0.046341
0.043613
0.040631
0.037402
0.033936
0.030245
0.026348
0.022263
0.018016
0.013634
0.009149
0.004592
0.000000
0.000000
0.006071
0.012078
0.017960
0.023657
0.029116
0.034287
0.039128
0.043604
0.047688
0.051360
0.054606
0.057423
0.059810
0.061772
0.063320
0.064467
0.065227
0.065616
0.065649
0.065341
0.064703
0.063746
0.062479
0.060909
0.059038
0.056871
0.054410
0.051657
0.048616
0.045292
0.041693
0.037829
0.033715
0.029370
0.024817
0.020083
0.015199
0.010198
0.005119
0.000000
0.000000
0.006666
0.013261
0.019719
0.025975
0.031968
0.037646
0.042962
0.047877
0.052360
0.056392
0.059957
0.063049
0.065670
0.067824
0.069524
0.070784
0.071618
0.072045
0.072082
0.071743
0.071042
0.069992
0.068601
0.066876
0.064823
0.062443
0.059741
0.056718
0.053380
0.049730
0.045778
0.041535
0.037019
0.032248
0.027249
0.022051
0.016688
0.011197
0.005621
0.000000
0.000000
0.007228
0.014380
0.021383
0.028167
0.034666
0.040823
0.046587
0.051916
0.056779
0.061150
0.065016
0.068369
0.071211
0.073547
0.075391
0.076756
0.077662
0.078125
0.078164
0.077796
0.077037
0.075898
0.074390
0.072519
0.070292
0.067712
0.064782
0.061504
0.057884
0.053926
0.049641
0.045040
0.040142
0.034969
0.029548
0.023911
0.018096
0.012142
0.006095
0.000000
0.000000
0.007756
0.015431
0.022945
0.030224
0.037198
0.043805
0.049990
0.055709
0.060926
0.065617
0.069765
0.073364
0.076413
0.078920
0.080898
0.082364
0.083335
0.083832
0.083874
0.083479
0.082664
0.081442
0.079824
0.077817
0.075427
0.072659
0.069514
0.065997
0.062112
0.057865
0.053267
0.048330
0.043075
0.037524
0.031707
0.025658
0.019418
0.013029
0.006540
0.000000
0.000000
0.008248
0.016409
0.024400
0.032141
0.039557
0.046583
0.053160
0.059242
0.064790
0.069778
0.074189
0.078016
0.081258
0.083925
0.086028
0.087586
0.088619
0.089148
0.089192
0.088773
0.087906
0.086607
0.084886
0.082751
0.080210
0.077266
0.073922
0.070182
0.066051
0.061535
0.056645
0.051395
0.045806
0.039903
0.033717
0.027285
0.020649
0.013856
0.006955
0.000000
0.000000
0.008702
0.017313
0.025744
0.033911
0.041735
0.049148
0.056087
0.062504
0.068357
0.073620
0.078274
0.082312
0.085733
0.088546
0.090765
0.092409
0.093499
0.094056
0.094103
0.093661
0.092747
0.091375
0.089560
0.087308
0.084627
0.081520
0.077993
0.074047
0.069688
0.064923
0.059764
0.054225
0.048328
0.042100
0.035574
0.028788
0.021786
0.014618
0.007338
0.000000
0.000000
0.009117
0.018139
0.026973
0.035529
0.043727
0.051493
0.058764
0.065486
0.071620
0.077134
0.082010
0.086240
0.089824
0.092771
0.095096
0.096819
0.097961
0.098545
0.098594
0.098130
0.097172
0.095736
0.093833
0.091474
0.088665
0.085411
0.081714
0.077580
0.073013
0.068021
0.062616
0.056813
0.050635
0.044109
0.037271
0.030161
0.022826
0.015316
0.007688
0.000000
0.000000
0.009493
0.018886
0.028083
0.036992
0.045528
0.053614
0.061184
0.068183
0.074569
0.080310
0.085387
0.089791
0.093523
0.096592
0.099013
0.100806
0.101995
0.102603
0.102654
0.102172
0.101174
0.099678
0.097698
0.095241
0.092316
0.088928
0.085080
0.080775
0.076020
0.070822
0.065194
0.059152
0.052720
0.045926
0.038806
0.031403
0.023766
0.015947
0.008005
0.000000
0.000000
0.009828
0.019553
0.029074
0.038298
0.047134
0.055505
0.063343
0.070589
0.077200
0.083144
0.088400
0.092959
0.096823
0.100000
0.102506
0.104363
0.105593
0.106223
0.106276
0.105777
0.104744
0.103195
0.101145
0.098602
0.095574
0.092066
0.088082
0.083625
0.078702
0.073321
0.067494
0.061240
0.054580
0.047546
0.040176
0.032512
0.024604
0.016509
0.008287
0.000000
0.000000
0.010122
0.020137
0.029944
0.039443
0.048544
0.057166
0.065237
0.072700
0.079509
0.085631
0.091044
0.095740
0.099719
0.102991
0.105572
0.107484
0.108752
0.109400
0.109455
0.108941
0.107877
0.106282
0.104170
0.101551
0.098433
0.094820
0.090716
0.086127
0.081056
0.075514
0.069513
0.063071
0.056213
0.048969
0.041377
0.033484
0.025340
0.017003
0.008535
0.000000
0.000000
0.010374
0.020640
0.030691
0.040428
0.049756
0.058593
0.066866
0.074515
0.081494
0.087768
0.093317
0.098130
0.102208
0.105562
0.108208
0.110168
0.111467
0.112131
0.112188
0.111660
0.110570
0.108935
0.106771
0.104086
0.100890
0.097187
0.092981
0.088277
0.083080
0.077400
0.071249
0.064646
0.057616
0.050191
0.042410
0.034320
0.025973
0.017428
0.008748
0.000000
0.000000
0.010586
0.021060
0.031317
0.041251
0.050769
0.059786
0.068228
0.076033
0.083154
0.089556
0.095217
0.100128
0.104290
0.107712
0.110412
0.112411
0.113737
0.114415
0.114472
0.113934
0.112822
0.111154
0.108945
0.106206
0.102944
0.099166
0.094874
0.090074
0.084772
0.078976
0.072700
0.065962
0.058789
0.051213
0.043274
0.035019
0.026502
0.017783
0.008926
0.000000
0.000000
0.010756
0.021398
0.031819
0.041913
0.051584
0.060746
0.069323
0.077253
0.084489
0.090993
0.096746
0.101735
0.105964
0.109441
0.112184
0.114215
0.115562
0.116251
0.116310
0.115763
0.114633
0.112938
0.110694
0.107911
0.104597
0.100757
0.096397
0.091520
0.086132
0.080243
0.073867
0.067021
0.059733
0.052035
0.043969
0.035581
0.026927
0.018068
0.009069
0.000000
0.000000
0.010884
0.021654
0.032200
0.042415
0.052201
0.061472
0.070152
0.078177
0.085499
0.092082
0.097903
0.102952
0.107231
0.110750
0.113526
0.115582
0.116945
0.117642
0.117701
0.117147
0.116004
0.114289
0.112018
0.109201
0.105848
0.101963
0.097550
0.092615
0.087163
0.081203
0.074750
0.067823
0.060447
0.052658
0.044495
0.036007
0.027249
0.018284
0.009178
0.000000
0.000000
0.010972
0.021829
0.032459
0.042756
0.052622
0.061967
0.070717
0.078807
0.086188
0.092823
0.098691
0.103781
0.108095
0.111642
0.114440
0.116512
0.117886
0.118589
0.118649
0.118091
0.116938
0.115209
0.112920
0.110081
0.106700
0.102784
0.098336
0.093361
0.087865
0.081857
0.075352
0.068369
0.060934
0.053082
0.044853
0.036297
0.027469
0.018432
0.009252
0.000000
0.000000
0.011019
0.021922
0.032598
0.042939
0.052847
0.062233
0.071020
0.079144
0.086556
0.093220
0.099114
0.104225
0.108557
0.112119
0.114929
0.117011
0.118391
0.119097
0.119156
0.118596
0.117438
0.115702
0.113403
0.110552
0.107157
0.103224
0.098756
0.093760
0.088241
0.082207
0.075674
0.068661
0.061195
0.053309
0.045045
0.036452
0.027586
0.018510
0.009291
0.000000
0.000000
0.011025
0.021935
0.032618
0.042965
0.052879
0.062270
0.071062
0.079192
0.086609
0.093277
0.099173
0.104288
0.108623
0.112187
0.114999
0.117081
0.118462
0.119168
0.119228
0.118667
0.117509
0.115772
0.113471
0.110618
0.107221
0.103286
0.098816
0.093817
0.088294
0.082257
0.075720
0.068703
0.061232
0.053341
0.045072
0.036474
0.027603
0.018522
0.009297
0.000000
0.000000
0.010992
0.021869
0.032519
0.042835
0.052719
0.062082
0.070848
0.078953
0.086347
0.092995
0.098874
0.103974
0.108295
0.111848
0.114652
0.116728
0.118104
0.118809
0.118868
0.118309
0.117154
0.115422
0.113129
0.110284
0.106898
0.102974
0.098518
0.093533
0.088027
0.082009
0.075492
0.068495
0.061047
0.053180
0.044936
0.036364
0.027520
0.018466
0.009269
0.000000
0.000000
0.010919
0.021725
0.032304
0.042552
0.052371
0.061672
0.070379
0.078431
0.085776
0.092380
0.098220
0.103286
0.107579
0.111109
0.113893
0.115956
0.117323
0.118023
0.118082
0.117527
0.116380
0.114659
0.112381
0.109555
0.106191
0.102293
0.097866
0.092915
0.087445
0.081466
0.074992
0.068043
0.060643
0.052828
0.044639
0.036123
0.027338
0.018344
0.009208
0.000000
0.000000
0.010808
0.021503
0.031974
0.042117
0.051835
0.061041
0.069660
0.077629
0.084900
0.091436
0.097216
0.102230
0.106479
0.109973
0.112729
0.114771
0.116125
0.116817
0.116876
0.116326
0.115190
0.113487
0.111232
0.108436
0.105106
0.101248
0.096866
0.091965
0.086552
0.080634
0.074226
0.067347
0.060024
0.052288
0.044183
0.035754
0.027058
0.018156
0.009114
0.000000
0.000000
0.010658
0.021204
0.031531
0.041533
0.051116
0.060195
0.068694
0.076552
0.083722
0.090168
0.095868
0.100812
0.105002
0.108448
0.111166
0.113179
0.114514
0.115196
0.115254
0.114712
0.113592
0.111913
0.109689
0.106931
0.103648
0.099843
0.095522
0.090690
0.085351
0.079515
0.073196
0.066413
0.059191
0.051563
0.043570
0.035258
0.026683
0.017904
0.008987
0.000000
0.000000
0.010470
0.020831
0.030975
0.040802
0.050216
0.059135
0.067484
0.075204
0.082248
0.088580
0.094180
0.099037
0.103153
0.106538
0.109208
0.111186
0.112497
0.113168
0.113225
0.112692
0.111592
0.109943
0.107758
0.105049
0.101823
0.098085
0.093841
0.089093
0.083848
0.078115
0.071908
0.065244
0.058149
0.050655
0.042802
0.034637
0.026213
0.017589
0.008829
0.000000
0.000000
0.010246
0.020384
0.030311
0.039926
0.049138
0.057866
0.066036
0.073590
0.080483
0.086679
0.092158
0.096912
0.100940
0.104252
0.106864
0.108800
0.110083
0.110739
0.110795
0.110274
0.109197
0.107583
0.105445
0.102794
0.099637
0.095980
0.091826
0.087181
0.082049
0.076439
0.070364
0.063843
0.056901
0.049568
0.041884
0.033894
0.025650
0.017211
0.008639
0.000000
0.000000
0.009985
0.019865
0.029538
0.038909
0.047886
0.056391
0.064353
0.071715
0.078432
0.084470
0.089810
0.094443
0.098368
0.101595
0.104142
0.106028
0.107278
0.107918
0.107972
0.107464
0.106415
0.104842
0.102758
0.100175
0.097099
0.093535
0.089487
0.084959
0.079958
0.074491
0.068571
0.062217
0.055451
0.048305
0.040817
0.033030
0.024997
0.016773
0.008419
0.000000
0.000000
0.009688
0.019275
0.028661
0.037753
0.046464
0.054716
0.062442
0.069585
0.076102
0.081962
0.087143
0.091637
0.095446
0.098578
0.101049
0.102879
0.104092
0.104712
0.104765
0.104272
0.103254
0.101728
0.099706
0.097200
0.094215
0.090756
0.086829
0.082436
0.077583
0.072279
0.066535
0.060369
0.053804
0.046870
0.039604
0.032049
0.024254
0.016275
0.008169
0.000000
0.000000
0.009357
0.018616
0.027681
0.036463
0.044876
0.052846
0.060308
0.067207
0.073501
0.079160
0.084164
0.088505
0.092183
0.095208
0.097594
0.099362
0.100534
0.101133
0.101184
0.100708
0.099725
0.098250
0.096298
0.093877
0.090994
0.087654
0.083861
0.079618
0.074931
0.069808
0.064260
0.058305
0.051965
0.045268
0.038251
0.030954
0.023425
0.015718
0.007890
0.000000
0.000000
0.008992
0.017890
0.026602
0.035041
0.043126
0.050786
0.057956
0.064587
0.070636
0.076074
0.080883
0.085055
0.088590
0.091496
0.093790
0.095488
0.096614
0.097190
0.097239
0.096782
0.095837
0.094420
0.092544
0.090217
0.087447
0.084237
0.080592
0.076514
0.072010
0.067087
0.061755
0.056032
0.049939
0.043503
0.036759
0.029747
0.022512
0.015106
0.007582
0.000000
0.000000
0.008595
0.017100
0.025427
0.033493
0.041221
0.048542
0.055396
0.061733
0.067515
0.072713
0.077310
0.081297
0.084676
0.087455
0.089646
0.091270
0.092346
0.092897
0.092944
0.092507
0.091603
0.090249
0.088456
0.086232
0.083584
0.080516
0.077031
0.073134
0.068829
0.064123
0.059027
0.053557
0.047733
0.041582
0.035135
0.028433
0.021518
0.014438
0.007247
0.000000
0.000000
0.008166
0.016247
0.024159
0.031823
0.039166
0.046122
0.052635
0.058656
0.064149
0.069088
0.073456
0.077245
0.080455
0.083095
0.085178
0.086720
0.087743
0.088266
0.088310
0.087895
0.087037
0.085750
0.084046
0.081933
0.079417
0.076502
0.073191
0.069488
0.065398
0.060926
0.056085
0.050887
0.045353
0.039509
0.033384
0.027015
0.020445
0.013719
0.006886
0.000000
0.000000
0.007708
0.015335
0.022803
0.030037
0.036968
0.043534
0.049681
0.055364
0.060549
0.065211
0.069334
0.072910
0.075940
0.078432
0.080397
0.081854
0.082819
0.083313
0.083354
0.082962
0.082152
0.080938
0.079330
0.077335
0.074960
0.072209
0.069084
0.065589
0.061728
0.057507
0.052937
0.048031
0.042808
0.037292
0.031510
0.025499
0.019298
0.012949
0.006500
0.000000
0.000000
0.007221
0.014367
0.021364
0.028141
0.034635
0.040786
0.046545
0.051869
0.056727
0.061094
0.064957
0.068307
0.071146
0.073480
0.075322
0.076686
0.077591
0.078053
0.078092
0.077725
0.076966
0.075828
0.074322
0.072453
0.070228
0.067650
0.064723
0.061448
0.057831
0.053877
0.049595
0.044999
0.040106
0.034937
0.029521
0.023890
0.018079
0.012131
0.006089
0.000000
0.000000
0.006708
0.013346
0.019846
0.026141
0.032173
0.037887
0.043237
0.048183
0.052695
0.056752
0.060340
0.063452
0.066090
0.068258
0.069969
0.071236
0.072076
0.072506
0.072542
0.072201
0.071496
0.070439
0.069040
0.067304
0.065237
0.062842
0.060123
0.057081
0.053721
0.050048
0.046071
0.041801
0.037255
0.032454
0.027423
0.022192
0.016794
0.011269
0.005657
0.000000
0.000000
0.006170
0.012276
0.018254
0.024045
0.029593
0.034848
0.039769
0.044318
0.048469
0.052200
0.055500
0.058363
0.060789
0.062783
0.064357
0.065522
0.066295
0.066690
0.066724
0.066410
0.065762
0.064790
0.063502
0.061905
0.060004
0.057802
0.055301
0.052503
0.049412
0.046034
0.042375
0.038448
0.034267
0.029851
0.025224
0.020412
0.015447
0.010365
0.005203
0.000000
0.000000
0.005609
0.011160
0.016594
0.021859
0.026902
0.031680
0.036153
0.040289
0.044063
0.047455
0.050455
0.053057
0.055262
0.057076
0.058506
0.059566
0.060268
0.060628
0.060658
0.060373
0.059783
0.058900
0.057729
0.056278
0.054549
0.052547
0.050273
0.047730
0.044920
0.041849
0.038523
0.034953
0.031152
0.027137
0.022931
0.018556
0.014043
0.009423
0.004730
0.000000
