0.000000
0.000373
0.000744
0.001111
0.001470
0.001819
0.002157
0.002481
0.002789
0.003079
0.003350
0.003600
0.003826
0.004028
0.004205
0.004356
0.004479
0.004575
0.004641
0.004680
0.004689
0.004669
0.004621
0.004544
0.004440
0.004309
0.004151
0.003969
0.003762
0.003533
0.003283
0.003013
0.002725
0.002421
0.002103
0.001772
0.001430
0.001080
0.000724
0.000363
0.000000
0.000000
0.000597
0.001191
0.001777
0.002351
0.002911
0.003451
0.003970
0.004463
0.004927
0.005360
0.005759
0.006122
0.006446
0.006729
0.006970
0.007167
0.007319
0.007426
0.007487
0.007502
0.007471
0.007393
0.007271
0.007104
0.006894
0.006642
0.006350
0.006020
0.005653
0.005253
0.004821
0.004360
0.003874
0.003364
0.002835
0.002288
0.001728
0.001158
0.000581
0.000000
0.000000
0.000819
0.001633
0.002436
0.003223
0.003990
0.004731
0.005442
0.006118
0.006755
0.007348
0.007895
0.008392
0.008836
0.009224
0.009555
0.009825
0.010034
0.010181
0.010264
0.010285
0.010241
0.010135
0.009967
0.009738
0.009450
0.009105
0.008705
0.008252
0.007750
0.007201
0.006609
0.005978
0.005311
0.004612
0.003886
0.003137
0.002369
0.001587
0.000796
0.000000
0.000000
0.001037
0.002068
0.003085
0.004082
0.005053
0.005992
0.006892
0.007748
0.008554
0.009306
0.009999
0.010629
0.011191
0.011682
0.012101
0.012443
0.012708
0.012894
0.012999
0.013025
0.012970
0.012836
0.012623
0.012333
0.011969
0.011531
0.011024
0.010451
0.009815
0.009120
0.008370
0.007570
0.006726
0.005841
0.004921
0.003972
0.003000
0.002010
0.001008
0.000000
0.000000
0.001251
0.002494
0.003721
0.004924
0.006096
0.007228
0.008314
0.009346
0.010319
0.011226
0.012062
0.012821
0.013499
0.014093
0.014597
0.015010
0.015330
0.015554
0.015681
0.015712
0.015646
0.015484
0.015227
0.014878
0.014438
0.013910
0.013299
0.012607
0.011840
0.011001
0.010097
0.009132
0.008113
0.007046
0.005936
0.004792
0.003619
0.002425
0.001216
0.000000
0.000000
0.001460
0.002911
0.004343
0.005746
0.007113
0.008435
0.009702
0.010907
0.012042
0.013100
0.014076
0.014962
0.015753
0.016445
0.017034
0.017516
0.017889
0.018150
0.018299
0.018335
0.018258
0.018069
0.017769
0.017361
0.016848
0.016232
0.015519
0.014712
0.013816
0.012838
0.011782
0.010657
0.009467
0.008222
0.006928
0.005592
0.004223
0.002829
0.001419
0.000000
0.000000
0.001663
0.003315
0.004946
0.006545
0.008102
0.009607
0.011050
0.012422
0.013715
0.014921
0.016032
0.017041
0.017942
0.018730
0.019401
0.019950
0.020375
0.020672
0.020842
0.020883
0.020795
0.020580
0.020239
0.019774
0.019189
0.018488
0.017675
0.016756
0.015736
0.014622
0.013420
0.012138
0.010783
0.009365
0.007890
0.006369
0.004810
0.003223
0.001616
0.000000
0.000000
0.001859
0.003706
0.005529
0.007317
0.009057
0.010740
0.012353
0.013887
0.015333
0.016681
0.017923
0.019051
0.020058
0.020940
0.021689
0.022303
0.022778
0.023111
0.023300
0.023346
0.023248
0.023007
0.022626
0.022106
0.021453
0.020669
0.019760
0.018732
0.017592
0.016346
0.015003
0.013569
0.012055
0.010469
0.008821
0.007120
0.005377
0.003603
0.001807
0.000000
0.000000
0.002048
0.004082
0.006090
0.008059
0.009976
0.011829
0.013606
0.015296
0.016888
0.018373
0.019741
0.020983
0.022093
0.023064
0.023889
0.024565
0.025088
0.025455
0.025664
0.025714
0.025606
0.025341
0.024921
0.024349
0.023629
0.022765
0.021765
0.020633
0.019377
0.018004
0.016524
0.014946
0.013278
0.011531
0.009716
0.007842
0.005923
0.003968
0.001990
0.000000
0.000000
0.002228
0.004441
0.006626
0.008769
0.010854
0.012871
0.014804
0.016643
0.018375
0.019990
0.021478
0.022830
0.024038
0.025094
0.025992
0.026728
0.027297
0.027696
0.027923
0.027978
0.027860
0.027572
0.027115
0.026492
0.025709
0.024770
0.023681
0.022449
0.021082
0.019589
0.017979
0.016261
0.014447
0.012546
0.010571
0.008533
0.006444
0.004318
0.002165
0.000000
0.000000
0.002399
0.004783
0.007136
0.009443
0.011689
0.013860
0.015942
0.017922
0.019788
0.021527
0.023129
0.024585
0.025886
0.027023
0.027990
0.028782
0.029395
0.029825
0.030069
0.030128
0.030002
0.029691
0.029199
0.028529
0.027685
0.026674
0.025501
0.024175
0.022703
0.021095
0.019361
0.017511
0.015557
0.013510
0.011383
0.009189
0.006940
0.004649
0.002332
0.000000
0.000000
0.002561
0.005105
0.007616
0.010079
0.012476
0.014793
0.017016
0.019129
0.021120
0.022977
0.024687
0.026241
0.027629
0.028843
0.029875
0.030721
0.031375
0.031833
0.032094
0.032157
0.032022
0.031691
0.031165
0.030450
0.029549
0.028470
0.027218
0.025803
0.024232
0.022516
0.020665
0.018691
0.016605
0.014420
0.012150
0.009808
0.007407
0.004963
0.002489
0.000000
0.000000
0.002712
0.005407
0.008066
0.010674
0.013213
0.015667
0.018021
0.020259
0.022368
0.024334
0.026145
0.027791
0.029261
0.030547
0.031640
0.032536
0.033228
0.033714
0.033990
0.034057
0.033914
0.033563
0.033006
0.032249
0.031295
0.030152
0.028826
0.027327
0.025663
0.023846
0.021886
0.019795
0.017586
0.015272
0.012868
0.010387
0.007845
0.005256
0.002636
0.000000
0.000000
0.002852
0.005686
0.008484
0.011227
0.013897
0.016478
0.018954
0.021308
0.023526
0.025594
0.027499
0.029230
0.030776
0.032128
0.033278
0.034220
0.034948
0.035459
0.035750
0.035820
0.035670
0.035300
0.034715
0.033918
0.032915
0.031713
0.030318
0.028742
0.026992
0.025080
0.023019
0.020819
0.018496
0.016063
0.013534
0.010925
0.008251
0.005528
0.002772
0.000000
0.000000
0.002981
0.005944
0.008867
0.011734
0.014525
0.017223
0.019811
0.022271
0.024590
0.026751
0.028742
0.030552
0.032168
0.033581
0.034783
0.035767
0.036528
0.037062
0.037367
0.037440
0.037283
0.036897
0.036285
0.035452
0.034404
0.033147
0.031689
0.030041
0.028212
0.026214
0.024060
0.021761
0.019333
0.016789
0.014146
0.011419
0.008624
0.005778
0.002897
0.000000
0.000000
0.003099
0.006177
0.009216
0.012195
0.015096
0.017900
0.020589
0.023146
0.025555
0.027802
0.029871
0.031752
0.033431
0.034900
0.036149
0.037172
0.037963
0.038518
0.038834
0.038910
0.038747
0.038346
0.037710
0.036844
0.035755
0.034449
0.032934
0.031221
0.029321
0.027244
0.025005
0.022616
0.020092
0.017449
0.014702
0.011867
0.008963
0.006005
0.003011
0.000000
0.000000
0.003203
0.006386
0.009527
0.012608
0.015606
0.018505
0.021285
0.023929
0.026420
0.028742
0.030882
0.032825
0.034562
0.036080
0.037372
0.038429
0.039247
0.039821
0.040148
0.040226
0.040057
0.039643
0.038985
0.038090
0.036964
0.035614
0.034048
0.032277
0.030312
0.028165
0.025850
0.023381
0.020771
0.018039
0.015199
0.012269
0.009266
0.006208
0.003113
0.000000
0.000000
0.003295
0.006570
0.009801
0.012970
0.016055
0.019037
0.021897
0.024617
0.027179
0.029568
0.031770
0.033769
0.035555
0.037117
0.038446
0.039534
0.040376
0.040966
0.041302
0.041383
0.041209
0.040783
0.040106
0.039186
0.038027
0.036638
0.035027
0.033205
0.031184
0.028975
0.026593
0.024053
0.021369
0.018557
0.015636
0.012621
0.009532
0.006386
0.003203
0.000000
0.000000
0.003375
0.006727
0.010037
0.013281
0.016441
0.019494
0.022423
0.025208
0.027832
0.030278
0.032532
0.034580
0.036409
0.038009
0.039369
0.040483
0.041345
0.041949
0.042293
0.042376
0.042198
0.041762
0.041069
0.040126
0.038940
0.037517
0.035868
0.034002
0.031932
0.029671
0.027232
0.024630
0.021882
0.019003
0.016011
0.012924
0.009761
0.006540
0.003279
0.000000
0.000000
0.003440
0.006859
0.010232
0.013541
0.016761
0.019875
0.022860
0.025700
0.028375
0.030869
0.033167
0.035255
0.037119
0.038750
0.040137
0.041273
0.042152
0.042768
0.043119
0.043203
0.043022
0.042576
0.041870
0.040909
0.039700
0.038249
0.036568
0.034666
0.032555
0.030250
0.027763
0.025111
0.022309
0.019374
0.016324
0.013177
0.009951
0.006667
0.003343
0.000000
0.000000
0.003493
0.006963
0.010388
0.013747
0.017017
0.020177
0.023208
0.026091
0.028807
0.031339
0.033672
0.035791
0.037684
0.039340
0.040748
0.041901
0.042793
0.043419
0.043775
0.043861
0.043677
0.043224
0.042508
0.041532
0.040304
0.038831
0.037124
0.035193
0.033051
0.030710
0.028186
0.025493
0.022648
0.019669
0.016572
0.013377
0.010103
0.006769
0.003394
0.000000
0.000000
0.003531
0.007040
0.010503
0.013899
0.017205
0.020401
0.023466
0.026380
0.029126
0.031686
0.034045
0.036188
0.038102
0.039776
0.041200
0.042366
0.043268
0.043900
0.044260
0.044347
0.044161
0.043704
0.042979
0.041992
0.040751
0.039262
0.037536
0.035584
0.033417
0.031051
0.028498
0.025776
0.022899
0.019887
0.016756
0.013525
0.010215
0.006844
0.003432
0.000000
0.000000
0.003556
0.007090
0.010578
0.013997
0.017327
0.020545
0.023632
0.026567
0.029332
0.031911
0.034286
0.036444
0.038372
0.040058
0.041492
0.042666
0.043574
0.044211
0.044573
0.044661
0.044473
0.044013
0.043283
0.042290
0.041039
0.039540
0.037801
0.035835
0.033654
0.031270
0.028700
0.025958
0.023061
0.020027
0.016874
0.013621
0.010287
0.006892
0.003456
0.000000
0.000000
0.003568
0.007112
0.010611
0.014041
0.017382
0.020610
0.023706
0.026650
0.029425
0.032011
0.034394
0.036559
0.038493
0.040184
0.041622
0.042800
0.043711
0.044350
0.044714
0.044802
0.044613
0.044151
0.043419
0.042423
0.041168
0.039664
0.037920
0.035948
0.033760
0.031369
0.028790
0.026040
0.023134
0.020090
0.016927
0.013664
0.010319
0.006914
0.003467
0.000000
0.000000
0.003565
0.007107
0.010603
0.014031
0.017369
0.020595
0.023689
0.026631
0.029403
0.031988
0.034369
0.036532
0.038465
0.040155
0.041592
0.042769
0.043679
0.044318
0.044681
0.044769
0.044581
0.044120
0.043388
0.042392
0.041138
0.039635
0.037893
0.035922
0.033735
0.031346
0.028769
0.026021
0.023117
0.020076
0.016915
0.013654
0.010312
0.006909
0.003465
0.000000
0.000000
0.003549
0.007075
0.010555
0.013967
0.017289
0.020501
0.023581
0.026509
0.029269
0.031842
0.034212
0.036365
0.038289
0.039971
0.041402
0.042574
0.043480
0.044115
0.044477
0.044564
0.044377
0.043918
0.043190
0.042198
0.040950
0.039454
0.037720
0.035758
0.033581
0.031203
0.028638
0.025902
0.023011
0.019984
0.016838
0.013592
0.010265
0.006877
0.003449
0.000000
0.000000
0.003519
0.007015
0.010466
0.013849
0.017144
0.020328
0.023382
0.026286
0.029022
0.031573
0.033923
0.036059
0.037966
0.039634
0.041053
0.042214
0.043113
0.043743
0.044102
0.044188
0.044003
0.043547
0.042825
0.041842
0.040605
0.039121
0.037401
0.035456
0.033298
0.030940
0.028396
0.025683
0.022817
0.019815
0.016696
0.013477
0.010178
0.006819
0.003420
0.000000
0.000000
0.003475
0.006928
0.010337
0.013678
0.016932
0.020077
0.023093
0.025962
0.028664
0.031184
0.033505
0.035614
0.037498
0.039145
0.040546
0.041694
0.042581
0.043203
0.043558
0.043643
0.043460
0.043010
0.042297
0.041326
0.040104
0.038639
0.036940
0.035019
0.032887
0.030558
0.028046
0.025367
0.022536
0.019571
0.016490
0.013311
0.010053
0.006735
0.003378
0.000000
0.000000
0.003419
0.006815
0.010168
0.013455
0.016656
0.019750
0.022717
0.025538
0.028197
0.030675
0.032959
0.035033
0.036886
0.038507
0.039885
0.041014
0.041887
0.042499
0.042848
0.042932
0.042752
0.042309
0.041608
0.040652
0.039450
0.038009
0.036338
0.034448
0.032351
0.030060
0.027589
0.024953
0.022169
0.019252
0.016221
0.013094
0.009889
0.006625
0.003322
0.000000
0.000000
0.003349
0.006677
0.009961
0.013181
0.016317
0.019347
0.022254
0.025018
0.027622
0.030050
0.032287
0.034319
0.036135
0.037722
0.039073
0.040178
0.041033
0.041633
0.041975
0.042057
0.041881
0.041447
0.040760
0.039824
0.038646
0.037235
0.035598
0.033746
0.031692
0.029447
0.027027
0.024445
0.021717
0.018860
0.015891
0.012827
0.009687
0.006490
0.003255
0.000000
0.000000
0.003267
0.006512
0.009716
0.012857
0.015916
0.018872
0.021707
0.024403
0.026943
0.029311
0.031493
0.033475
0.035246
0.036795
0.038112
0.039190
0.040024
0.040609
0.040943
0.041023
0.040851
0.040428
0.039757
0.038845
0.037696
0.036319
0.034722
0.032916
0.030912
0.028723
0.026362
0.023844
0.021183
0.018396
0.015500
0.012512
0.009449
0.006331
0.003175
0.000000
0.000000
0.003172
0.006324
0.009434
0.012484
0.015454
0.018324
0.021077
0.023695
0.026162
0.028461
0.030580
0.032505
0.034224
0.035728
0.037007
0.038054
0.038864
0.039432
0.039755
0.039833
0.039666
0.039255
0.038605
0.037718
0.036603
0.035266
0.033715
0.031962
0.030016
0.027890
0.025598
0.023152
0.020569
0.017863
0.015050
0.012149
0.009175
0.006147
0.003083
0.000000
0.000000
0.003065
0.006111
0.009117
0.012064
0.014934
0.017708
0.020368
0.022898
0.025282
0.027504
0.029551
0.031411
0.033073
0.034526
0.035762
0.036774
0.037557
0.038106
0.038418
0.038494
0.038332
0.037935
0.037306
0.036450
0.035372
0.034080
0.032581
0.030887
0.029006
0.026952
0.024737
0.022373
0.019877
0.017262
0.014544
0.011740
0.008867
0.005940
0.002979
0.000000
0.000000
0.002947
0.005875
0.008765
0.011599
0.014358
0.017025
0.019583
0.022015
0.024306
0.026443
0.028412
0.030200
0.031797
0.033194
0.034383
0.035356
0.036108
0.036636
0.036936
0.037009
0.036853
0.036472
0.035867
0.035044
0.034007
0.032765
0.031325
0.029695
0.027888
0.025913
0.023783
0.021510
0.019110
0.016596
0.013983
0.011287
0.008525
0.005711
0.002864
0.000000
0.000000
0.002818
0.005617
0.008381
0.011090
0.013728
0.016278
0.018723
0.021049
0.023240
0.025283
0.027165
0.028875
0.030402
0.031738
0.032874
0.033804
0.034524
0.035028
0.035316
0.035385
0.035236
0.034871
0.034293
0.033506
0.032515
0.031327
0.029950
0.028392
0.026664
0.024776
0.022739
0.020567
0.018272
0.015868
0.013370
0.010792
0.008150
0.005461
0.002738
0.000000
0.000000
0.002678
0.005338
0.007965
0.010540
0.013047
0.015470
0.017794
0.020004
0.022086
0.024028
0.025816
0.027441
0.028893
0.030162
0.031242
0.032126
0.032810
0.033289
0.033562
0.033628
0.033487
0.033140
0.032591
0.031843
0.030901
0.029772
0.028463
0.026983
0.025340
0.023546
0.021610
0.019546
0.017364
0.015080
0.012706
0.010256
0.007746
0.005190
0.002602
0.000000
0.000000
0.002528
0.005040
0.007519
0.009950
0.012316
0.014604
0.016798
0.018884
0.020850
0.022682
0.024371
0.025905
0.027275
0.028473
0.029493
0.030328
0.030973
0.031426
0.031683
0.031746
0.031612
0.031285
0.030766
0.030060
0.029171
0.028105
0.026870
0.025472
0.023922
0.022227
0.020400
0.018451
0.016392
0.014236
0.011995
0.009682
0.007312
0.004899
0.002457
0.000000
0.000000
0.002369
0.004722
0.007045
0.009322
0.011540
0.013683
0.015739
0.017694
0.019535
0.021253
0.022835
0.024272
0.025556
0.026678
0.027634
0.028416
0.029020
0.029444
0.029686
0.029744
0.029619
0.029313
0.028827
0.028165
0.027332
0.026334
0.025176
0.023866
0.022413
0.020826
0.019114
0.017288
0.015359
0.013338
0.011238
0.009072
0.006851
0.004590
0.002302
0.000000
0.000000
0.002200
0.004387
0.006544
0.008660
0.010720
0.012711
0.014621
0.016437
0.018148
0.019743
0.021213
0.022548
0.023741
0.024784
0.025671
0.026397
0.026959
0.027353
0.027578
0.027632
0.027516
0.027231
0.026779
0.026165
0.025391
0.024463
0.023388
0.022171
0.020822
0.019347
0.017757
0.016060
0.014268
0.012391
0.010440
0.008427
0.006365
0.004264
0.002138
0.000000
0.000000
0.002024
0.004035
0.006020
0.007966
0.009861
0.011692
0.013449
0.015119
0.016693
0.018160
0.019512
0.020740
0.021837
0.022796
0.023612
0.024281
0.024797
0.025160
0.025366
0.025416
0.025309
0.025047
0.024632
0.024067
0.023355
0.022502
0.021512
0.020394
0.019152
0.017796
0.016333
0.014772
0.013124
0.011397
0.009603
0.007752
0.005854
0.003922
0.001967
0.000000
0.000000
0.001840
0.003668
0.005472
0.007242
0.008964
0.010629
0.012226
0.013744
0.015175
0.016509
0.017738
0.018855
0.019852
0.020724
0.021466
0.022073
0.022543
0.022873
0.023060
0.023106
0.023008
0.022770
0.022393
0.021879
0.021232
0.020456
0.019557
0.018540
0.017411
0.016178
0.014848
0.013429
0.011931
0.010361
0.008730
0.007047
0.005322
0.003566
0.001788
0.000000
