0.000000e+00
5.123013e-12
1.021228e-11
1.523759e-11
2.016876e-11
2.497647e-11
2.963141e-11
3.410250e-11
3.836220e-11
4.238832e-11
4.615153e-11
4.962963e-11
5.280265e-11
5.564971e-11
5.815437e-11
6.029932e-11
6.207301e-11
6.346434e-11
6.446443e-11
6.506751e-11
6.526779e-11
6.506706e-11
6.446399e-11
6.346434e-11
6.207213e-11
6.030065e-11
5.815437e-11
5.564971e-11
5.280176e-11
4.963052e-11
4.615197e-11
4.238787e-11
3.836353e-11
3.410072e-11
2.962963e-11
2.497647e-11
2.016876e-11
1.523581e-11
1.021228e-11
5.119460e-12
0.000000e+00
0.000000e+00
8.196110e-12
1.634248e-11
2.438227e-11
3.227107e-11
3.996270e-11
4.740919e-11
5.456435e-11
6.138023e-11
6.782042e-11
7.384315e-11
7.940759e-11
8.448353e-11
8.903900e-11
9.304646e-11
9.647927e-11
9.931700e-11
1.015428e-10
1.031424e-10
1.041078e-10
1.044285e-10
1.041069e-10
1.031424e-10
1.015428e-10
9.931611e-11
9.648105e-11
9.304646e-11
8.903989e-11
8.448264e-11
7.940848e-11
7.384315e-11
6.782130e-11
6.138112e-11
5.456169e-11
4.740830e-11
3.996270e-11
3.226930e-11
2.437694e-11
1.633893e-11
8.189005e-12
0.000000e+00
0.000000e+00
1.124434e-11
2.241052e-11
3.342038e-11
4.425260e-11
5.479173e-11
6.501111e-11
7.481660e-11
8.416201e-11
9.299939e-11
1.012470e-10
1.088818e-10
1.158380e-10
1.220837e-10
1.275815e-10
1.322862e-10
1.361782e-10
1.392273e-10
1.414202e-10
1.427418e-10
1.431868e-10
1.427445e-10
1.414211e-10
1.392300e-10
1.361746e-10
1.322853e-10
1.275779e-10
1.220863e-10
1.158398e-10
1.088791e-10
1.012488e-10
9.298962e-11
8.416379e-11
7.480949e-11
6.500400e-11
5.479706e-11
4.424905e-11
3.342215e-11
2.239986e-11
1.124079e-11
0.000000e+00
0.000000e+00
1.421796e-11
2.837552e-11
4.234479e-11
5.605116e-11
6.941647e-11
8.235901e-11
9.476864e-11
1.066134e-10
1.178044e-10
1.282547e-10
1.379306e-10
1.467466e-10
1.546585e-10
1.616183e-10
1.675833e-10
1.725082e-10
1.763762e-10
1.791536e-10
1.808260e-10
1.813856e-10
1.808296e-10
1.791536e-10
1.763771e-10
1.725100e-10
1.675797e-10
1.616209e-10
1.546576e-10
1.467466e-10
1.379217e-10
1.282601e-10
1.178009e-10
1.066152e-10
9.477219e-11
8.235013e-11
6.940937e-11
5.604761e-11
4.234835e-11
2.837197e-11
1.423217e-11
0.000000e+00
0.000000e+00
1.716671e-11
3.423750e-11
5.109868e-11
6.763301e-11
8.375522e-11
9.937295e-11
1.143619e-10
1.286580e-10
1.421565e-10
1.547722e-10
1.664411e-10
1.770850e-10
1.866312e-10
1.950244e-10
2.022205e-10
2.081766e-10
2.128360e-10
2.161933e-10
2.182077e-10
2.188880e-10
2.182183e-10
2.161915e-10
2.128395e-10
2.081713e-10
2.022258e-10
1.950262e-10
1.866312e-10
1.770850e-10
1.664446e-10
1.547775e-10
1.421547e-10
1.286580e-10
1.143601e-10
9.936940e-11
8.376233e-11
6.763656e-11
5.109513e-11
3.424105e-11
1.717027e-11
0.000000e+00
0.000000e+00
2.005152e-11
3.996092e-11
5.964651e-11
7.896261e-11
9.779200e-11
1.160139e-10
1.335252e-10
1.502052e-10
1.659579e-10
1.806875e-10
1.943139e-10
2.067342e-10
2.178790e-10
2.276810e-10
2.360867e-10
2.430305e-10
2.484750e-10
2.523919e-10
2.547491e-10
2.555343e-10
2.547473e-10
2.523919e-10
2.484768e-10
2.430287e-10
2.360867e-10
2.276845e-10
2.178808e-10
2.067306e-10
1.943068e-10
1.806892e-10
1.659561e-10
1.501910e-10
1.335039e-10
1.160174e-10
9.778489e-11
7.896617e-11
5.965006e-11
3.997158e-11
2.004796e-11
0.000000e+00
0.000000e+00
2.284395e-11
4.556711e-11
6.798118e-11
8.998668e-11
1.114415e-10
1.322071e-10
1.521485e-10
1.711520e-10
1.891181e-10
2.059117e-10
2.214300e-10
2.355787e-10
2.482849e-10
2.594529e-10
2.690239e-10
2.769429e-10
2.831495e-10
2.876099e-10
2.902958e-10
2.911964e-10
2.902958e-10
2.876064e-10
2.831531e-10
2.769429e-10
2.690328e-10
2.594582e-10
2.482814e-10
2.355858e-10
2.214264e-10
2.059011e-10
1.891181e-10
1.711591e-10
1.521521e-10
1.321965e-10
1.114273e-10
8.998313e-11
6.797762e-11
4.554934e-11
2.283329e-11
0.000000e+00
0.000000e+00
2.554401e-11
5.097434e-11
7.603873e-11
1.006626e-10
1.246541e-10
1.478746e-10
1.702070e-10
1.914522e-10
2.115499e-10
2.303295e-10
2.476810e-10
2.635083e-10
2.777281e-10
2.902265e-10
3.009344e-10
3.097789e-10
3.167315e-10
3.217160e-10
3.247234e-10
3.257288e-10
3.247180e-10
3.217160e-10
3.167351e-10
3.097860e-10
3.009273e-10
2.902230e-10
2.777298e-10
2.635225e-10
2.476810e-10
2.303242e-10
2.115321e-10
1.914557e-10
1.701927e-10
1.478782e-10
1.246470e-10
1.006555e-10
7.603873e-11
5.094947e-11
2.555822e-11
0.000000e+00
0.000000e+00
2.818012e-11
5.614709e-11
8.380141e-11
1.109370e-10
1.373834e-10
1.629807e-10
1.875726e-10
2.110134e-10
2.331539e-10
2.538378e-10
2.729763e-10
2.904414e-10
3.060947e-10
3.198650e-10
3.316725e-10
3.414158e-10
3.490719e-10
3.545857e-10
3.578862e-10
3.589875e-10
3.578862e-10
3.545786e-10
3.490808e-10
3.414176e-10
3.316707e-10
3.198686e-10
3.060983e-10
2.904308e-10
2.729799e-10
2.538521e-10
2.331575e-10
2.110063e-10
1.875833e-10
1.629807e-10
1.373763e-10
1.109299e-10
8.379430e-11
5.615775e-11
2.816947e-11
0.000000e+00
0.000000e+00
3.067413e-11
6.114220e-11
9.125500e-11
1.207994e-10
1.495870e-10
1.774474e-10
2.042277e-10
2.297469e-10
2.538521e-10
2.763940e-10
2.972236e-10
3.162199e-10
3.332765e-10
3.482619e-10
3.611191e-10
3.717382e-10
3.800711e-10
3.860610e-10
3.896670e-10
3.908713e-10
3.896687e-10
3.860610e-10
3.800640e-10
3.717346e-10
3.611245e-10
3.482672e-10
3.332712e-10
3.162235e-10
2.972200e-10
2.763798e-10
2.538449e-10
2.297433e-10
2.042313e-10
1.774545e-10
1.495799e-10
1.207852e-10
9.124435e-11
6.114576e-11
3.067768e-11
0.000000e+00
0.000000e+00
3.305445e-11
6.586731e-11
9.834622e-11
1.301714e-10
1.612150e-10
1.912284e-10
2.200835e-10
2.475922e-10
2.735732e-10
2.978702e-10
3.203162e-10
3.407905e-10
3.591616e-10
3.753264e-10
3.891572e-10
4.006147e-10
4.095924e-10
4.160441e-10
4.199414e-10
4.212293e-10
4.199237e-10
4.160423e-10
4.096048e-10
4.006182e-10
3.891678e-10
3.753335e-10
3.591651e-10
3.407941e-10
3.203020e-10
2.978595e-10
2.735661e-10
2.475886e-10
2.200942e-10
1.912319e-10
1.612079e-10
1.301643e-10
9.833911e-11
6.589929e-11
3.305445e-11
0.000000e+00
0.000000e+00
3.530687e-11
7.039347e-11
1.050537e-10
1.390674e-10
1.722178e-10
2.042775e-10
2.350937e-10
2.644853e-10
2.922320e-10
3.181704e-10
3.421654e-10
3.640324e-10
3.836611e-10
4.009237e-10
4.157137e-10
4.279386e-10
4.375380e-10
4.444303e-10
4.485869e-10
4.499618e-10
4.485869e-10
4.444303e-10
4.375345e-10
4.279457e-10
4.157137e-10
4.009202e-10
3.836682e-10
3.640181e-10
3.421619e-10
3.181881e-10
2.922320e-10
2.644889e-10
2.351044e-10
2.042739e-10
1.721858e-10
1.390390e-10
1.050395e-10
7.040057e-11
3.530332e-11
0.000000e+00
0.000000e+00
3.742429e-11
7.462120e-11
1.113563e-10
1.473808e-10
1.825242e-10
2.165415e-10
2.492015e-10
2.803411e-10
3.097611e-10
3.372698e-10
3.626823e-10
3.858602e-10
4.066649e-10
4.249578e-10
4.406502e-10
4.535998e-10
4.637783e-10
4.710863e-10
4.754774e-10
4.769589e-10
4.754774e-10
4.710792e-10
4.637748e-10
4.536140e-10
4.406502e-10
4.249650e-10
4.066756e-10
3.858531e-10
3.626717e-10
3.372520e-10
3.097682e-10
2.803446e-10
2.492158e-10
2.165379e-10
1.825171e-10
1.473808e-10
1.113314e-10
7.460699e-11
3.742073e-11
0.000000e+00
0.000000e+00
3.941381e-11
7.853629e-11
1.172253e-10
1.551541e-10
1.921450e-10
2.279492e-10
2.623395e-10
2.951310e-10
3.260752e-10
3.550191e-10
3.817853e-10
4.061995e-10
4.280913e-10
4.473613e-10
4.638707e-10
4.775096e-10
4.882210e-10
4.959126e-10
5.005383e-10
5.020837e-10
5.005383e-10
4.959020e-10
4.882281e-10
4.775131e-10
4.638636e-10
4.473790e-10
4.281020e-10
4.062031e-10
3.817995e-10
3.550475e-10
3.260823e-10
2.951239e-10
2.623395e-10
2.279315e-10
1.921450e-10
1.551399e-10
1.172182e-10
7.853984e-11
3.939959e-11
0.000000e+00
0.000000e+00
4.121148e-11
8.216006e-11
1.226255e-10
1.623306e-10
2.009983e-10
2.384652e-10
2.744684e-10
3.087486e-10
3.411387e-10
3.714327e-10
3.994209e-10
4.249507e-10
4.478693e-10
4.680416e-10
4.852971e-10
4.995719e-10
5.107665e-10
5.188170e-10
5.236558e-10
5.252758e-10
5.236593e-10
5.188276e-10
5.107630e-10
4.995826e-10
4.853042e-10
4.680381e-10
4.478764e-10
4.249507e-10
3.994316e-10
3.714398e-10
3.411493e-10
3.087557e-10
2.744613e-10
2.384724e-10
2.010161e-10
1.623164e-10
1.226184e-10
8.216361e-11
4.120793e-11
0.000000e+00
0.000000e+00
4.287415e-11
8.549250e-11
1.275637e-10
1.688676e-10
2.091198e-10
2.480718e-10
2.855316e-10
3.211795e-10
3.548806e-10
3.863931e-10
4.155041e-10
4.420784e-10
4.659100e-10
4.868639e-10
5.048300e-10
5.196839e-10
5.313403e-10
5.397176e-10
5.447589e-10
5.464464e-10
5.447518e-10
5.397212e-10
5.313439e-10
5.196981e-10
5.048406e-10
4.868888e-10
4.659171e-10
4.420713e-10
4.155218e-10
3.863860e-10
3.548806e-10
3.211689e-10
2.855103e-10
2.480682e-10
2.091163e-10
1.688676e-10
1.275637e-10
8.548540e-11
4.287060e-11
0.000000e+00
0.000000e+00
4.438760e-11
8.846257e-11
1.320117e-10
1.747367e-10
2.164029e-10
2.567191e-10
2.954543e-10
3.323812e-10
3.672405e-10
3.998615e-10
4.299849e-10
4.574865e-10
4.821423e-10
5.038459e-10
5.224230e-10
5.377920e-10
5.498393e-10
5.585008e-10
5.637375e-10
5.654854e-10
5.637268e-10
5.585186e-10
5.498535e-10
5.377956e-10
5.224337e-10
5.038494e-10
4.821530e-10
4.574794e-10
4.299920e-10
3.998473e-10
3.672582e-10
3.323848e-10
2.954579e-10
2.567120e-10
2.163958e-10
1.747509e-10
1.320117e-10
8.845191e-11
4.435208e-11
0.000000e+00
0.000000e+00
4.568079e-11
9.109158e-11
1.359268e-10
1.799378e-10
2.228404e-10
2.643645e-10
3.042544e-10
3.422862e-10
3.781864e-10
4.117666e-10
4.428031e-10
4.711147e-10
4.965131e-10
5.188632e-10
5.379945e-10
5.538219e-10
5.662280e-10
5.751559e-10
5.805205e-10
5.823289e-10
5.805312e-10
5.751524e-10
5.662244e-10
5.538290e-10
5.380052e-10
5.188561e-10
4.965166e-10
4.711112e-10
4.428067e-10
4.117737e-10
3.781970e-10
3.422755e-10
3.042437e-10
2.643752e-10
2.228404e-10
1.799592e-10
1.359481e-10
9.109513e-11
4.568435e-11
0.000000e+00
0.000000e+00
4.685319e-11
9.335821e-11
1.393659e-10
1.844498e-10
2.284253e-10
2.709939e-10
3.118927e-10
3.508589e-10
3.876615e-10
4.220730e-10
4.539054e-10
4.829133e-10
5.089582e-10
5.318590e-10
5.514735e-10
5.676881e-10
5.804317e-10
5.895728e-10
5.950902e-10
5.969163e-10
5.950760e-10
5.895622e-10
5.804246e-10
5.676952e-10
5.514842e-10
5.318554e-10
5.089547e-10
4.829097e-10
4.538947e-10
4.220837e-10
3.876508e-10
3.508482e-10
3.118892e-10
2.709939e-10
2.284288e-10
1.844533e-10
1.393445e-10
9.336887e-11
4.683898e-11
0.000000e+00
0.000000e+00
4.779821e-11
9.530510e-11
1.422080e-10
1.882512e-10
2.331504e-10
2.765645e-10
3.183089e-10
3.580780e-10
3.956302e-10
4.307630e-10
4.632277e-10
4.928573e-10
5.194174e-10
5.427871e-10
5.628209e-10
5.793659e-10
5.923546e-10
6.017018e-10
6.073151e-10
6.091980e-10
6.073115e-10
6.016911e-10
5.923688e-10
5.793872e-10
5.628209e-10
5.427943e-10
5.194245e-10
4.928431e-10
4.632348e-10
4.307665e-10
3.956337e-10
3.580780e-10
3.182947e-10
2.765681e-10
2.331220e-10
1.882547e-10
1.422187e-10
9.529799e-11
4.778045e-11
0.000000e+00
0.000000e+00
4.857981e-11
9.686119e-11
1.445315e-10
1.913136e-10
2.369234e-10
2.810623e-10
3.234497e-10
3.638903e-10
4.020748e-10
4.377654e-10
4.707914e-10
5.008758e-10
5.278800e-10
5.516299e-10
5.719798e-10
5.888019e-10
6.020109e-10
6.114895e-10
6.172058e-10
6.191136e-10
6.172058e-10
6.114860e-10
6.020109e-10
5.887948e-10
5.719798e-10
5.516334e-10
5.278693e-10
5.008651e-10
4.707736e-10
4.377760e-10
4.020819e-10
3.639009e-10
3.234781e-10
2.810623e-10
2.369269e-10
1.913030e-10
1.445351e-10
9.684697e-11
4.858336e-11
0.000000e+00
0.000000e+00
4.916956e-11
9.801937e-11
1.462794e-10
1.936442e-10
2.397798e-10
2.844729e-10
3.274216e-10
3.683240e-10
4.069527e-10
4.430873e-10
4.764900e-10
5.069367e-10
5.342748e-10
5.583054e-10
5.789289e-10
5.959535e-10
6.093117e-10
6.189111e-10
6.246985e-10
6.266099e-10
6.246808e-10
6.189218e-10
6.093153e-10
5.959606e-10
5.789254e-10
5.583232e-10
5.342891e-10
5.069545e-10
4.764829e-10
4.430838e-10
4.069456e-10
3.683205e-10
3.274074e-10
2.844729e-10
2.397975e-10
1.936264e-10
1.462865e-10
9.803003e-11
4.916245e-11
0.000000e+00
0.000000e+00
4.955325e-11
9.881518e-11
1.474589e-10
1.952216e-10
2.417551e-10
2.867822e-10
3.300435e-10
3.713083e-10
4.102496e-10
4.466827e-10
4.803624e-10
5.110863e-10
5.386269e-10
5.628635e-10
5.836220e-10
6.007923e-10
6.142606e-10
6.239453e-10
6.297682e-10
6.317222e-10
6.297718e-10
6.239276e-10
6.142571e-10
6.007923e-10
5.836256e-10
5.628564e-10
5.386198e-10
5.110650e-10
4.803518e-10
4.466827e-10
4.102567e-10
3.712977e-10
3.300684e-10
2.867893e-10
2.417337e-10
1.952074e-10
1.474767e-10
9.882228e-11
4.957812e-11
0.000000e+00
0.000000e+00
4.976641e-11
9.923440e-11
1.480984e-10
1.960316e-10
2.427711e-10
2.879901e-10
3.314504e-10
3.728537e-10
4.119798e-10
4.485514e-10
4.823697e-10
5.132215e-10
5.408687e-10
5.652012e-10
5.860699e-10
6.033076e-10
6.168186e-10
6.265495e-10
6.323937e-10
6.343441e-10
6.323937e-10
6.265282e-10
6.168186e-10
6.033076e-10
5.860592e-10
5.652048e-10
5.408829e-10
5.131966e-10
4.823626e-10
4.485479e-10
4.119727e-10
3.728609e-10
3.314575e-10
2.879830e-10
2.427569e-10
1.960210e-10
1.480842e-10
9.923795e-11
4.976641e-11
0.000000e+00
0.000000e+00
4.977352e-11
9.926993e-11
1.481411e-10
1.960885e-10
2.428209e-10
2.880824e-10
3.315357e-10
3.729461e-10
4.120970e-10
4.486935e-10
4.825047e-10
5.133529e-10
5.410357e-10
5.653611e-10
5.862404e-10
6.034853e-10
6.170069e-10
6.267200e-10
6.325820e-10
6.345218e-10
6.325820e-10
6.267200e-10
6.169998e-10
6.034817e-10
5.862297e-10
5.653682e-10
5.410286e-10
5.133458e-10
4.824976e-10
4.486829e-10
4.120899e-10
3.729710e-10
3.315392e-10
2.880753e-10
2.428315e-10
1.960849e-10
1.481233e-10
9.926993e-11
4.977707e-11
0.000000e+00
0.000000e+00
4.961720e-11
9.890044e-11
1.476081e-10
1.953708e-10
2.419327e-10
2.870522e-10
3.303526e-10
3.716458e-10
4.106155e-10
4.470841e-10
4.807710e-10
5.115126e-10
5.390994e-10
5.633325e-10
5.841301e-10
6.013039e-10
6.147793e-10
6.244676e-10
6.302976e-10
6.322693e-10
6.303083e-10
6.244818e-10
6.147900e-10
6.013146e-10
5.841301e-10
5.633360e-10
5.390888e-10
5.115091e-10
4.807710e-10
4.470770e-10
4.106155e-10
3.716352e-10
3.303349e-10
2.870379e-10
2.419505e-10
1.953815e-10
1.475904e-10
9.890400e-11
4.960299e-11
0.000000e+00
0.000000e+00
4.924061e-11
9.816858e-11
1.464926e-10
1.939071e-10
2.401350e-10
2.848992e-10
3.278942e-10
3.688641e-10
4.075389e-10
4.437233e-10
4.771792e-10
5.076863e-10
5.350493e-10
5.591261e-10
5.797673e-10
5.968133e-10
6.101892e-10
6.197993e-10
6.255867e-10
6.275229e-10
6.255902e-10
6.198064e-10
6.101963e-10
5.968239e-10
5.797602e-10
5.591296e-10
5.350635e-10
5.076792e-10
4.771721e-10
4.437268e-10
4.075638e-10
3.688498e-10
3.278835e-10
2.848957e-10
2.401528e-10
1.939071e-10
1.464961e-10
9.816858e-11
4.923351e-11
0.000000e+00
0.000000e+00
4.867218e-11
9.703882e-11
1.448157e-10
1.917186e-10
2.374136e-10
2.816449e-10
3.241354e-10
3.646257e-10
4.028990e-10
4.386784e-10
4.717329e-10
5.019025e-10
5.289387e-10
5.527561e-10
5.731344e-10
5.900027e-10
6.032224e-10
6.127259e-10
6.184671e-10
6.203749e-10
6.184528e-10
6.127401e-10
6.032153e-10
5.900027e-10
5.731451e-10
5.527596e-10
5.289529e-10
5.018848e-10
4.717329e-10
4.386642e-10
4.028955e-10
3.646363e-10
3.241603e-10
2.816449e-10
2.374030e-10
1.917009e-10
1.448122e-10
9.705303e-11
4.866152e-11
0.000000e+00
0.000000e+00
4.793321e-11
9.555379e-11
1.425775e-10
1.887344e-10
2.337543e-10
2.773071e-10
3.191332e-10
3.590053e-10
3.966854e-10
4.318998e-10
4.644711e-10
4.941612e-10
5.207887e-10
5.442189e-10
5.642988e-10
5.809078e-10
5.939214e-10
6.032934e-10
6.089103e-10
6.108074e-10
6.089174e-10
6.032792e-10
5.939143e-10
5.809078e-10
5.643059e-10
5.442367e-10
5.207923e-10
4.941398e-10
4.644569e-10
4.318963e-10
3.966889e-10
3.590301e-10
3.191474e-10
2.773106e-10
2.337472e-10
1.887557e-10
1.425882e-10
9.555734e-11
4.791190e-11
0.000000e+00
0.000000e+00
4.699530e-11
9.367795e-11
1.397993e-10
1.850609e-10
2.291856e-10
2.718679e-10
3.128982e-10
3.520100e-10
3.889404e-10
4.234835e-10
4.553904e-10
4.844836e-10
5.106209e-10
5.335892e-10
5.532819e-10
5.695568e-10
5.823253e-10
5.915055e-10
5.970300e-10
5.988667e-10
5.970300e-10
5.915055e-10
5.823253e-10
5.695640e-10
5.532925e-10
5.335998e-10
5.106280e-10
4.845084e-10
4.553868e-10
4.234657e-10
3.889404e-10
3.520135e-10
3.128982e-10
2.718821e-10
2.291749e-10
1.850715e-10
1.398028e-10
9.367440e-11
4.698819e-11
0.000000e+00
0.000000e+00
4.587974e-11
9.146106e-11
1.364882e-10
1.806555e-10
2.237357e-10
2.654161e-10
3.054552e-10
3.436327e-10
3.796821e-10
4.133902e-10
4.445511e-10
4.729657e-10
4.984635e-10
5.208918e-10
5.401155e-10
5.559997e-10
5.684591e-10
5.774154e-10
5.828049e-10
5.846204e-10
5.828156e-10
5.774190e-10
5.684697e-10
5.560068e-10
5.401120e-10
5.208953e-10
4.984670e-10
4.729692e-10
4.445546e-10
4.133760e-10
3.796821e-10
3.436362e-10
3.054730e-10
2.654090e-10
2.237321e-10
1.806519e-10
1.364775e-10
9.145396e-11
4.586553e-11
0.000000e+00
0.000000e+00
4.458656e-11
8.886758e-11
1.326299e-10
1.755467e-10
2.174048e-10
2.579164e-10
2.968328e-10
3.339302e-10
3.689529e-10
4.017053e-10
4.319922e-10
4.596110e-10
4.843876e-10
5.061693e-10
5.248566e-10
5.402931e-10
5.523972e-10
5.611049e-10
5.663630e-10
5.681038e-10
5.663523e-10
5.611049e-10
5.523972e-10
5.402967e-10
5.248530e-10
5.061764e-10
4.843841e-10
4.596181e-10
4.319851e-10
4.017089e-10
3.689564e-10
3.339196e-10
2.968328e-10
2.579092e-10
2.174048e-10
1.755680e-10
1.326335e-10
8.887113e-11
4.456524e-11
0.000000e+00
0.000000e+00
4.312284e-11
8.595435e-11
1.282316e-10
1.697558e-10
2.102496e-10
2.494254e-10
2.870415e-10
3.229239e-10
3.567990e-10
3.884750e-10
4.177565e-10
4.444587e-10
4.684182e-10
4.895035e-10
5.075584e-10
5.224869e-10
5.342002e-10
5.426202e-10
5.476899e-10
5.493774e-10
5.476828e-10
5.426131e-10
5.342002e-10
5.224905e-10
5.075549e-10
4.895035e-10
4.684324e-10
4.444622e-10
4.177458e-10
3.884679e-10
3.567955e-10
3.229133e-10
2.870486e-10
2.494147e-10
2.102425e-10
1.697664e-10
1.282530e-10
8.595080e-11
4.310152e-11
0.000000e+00
0.000000e+00
4.146727e-11
8.266454e-11
1.233786e-10
1.633396e-10
2.022560e-10
2.399609e-10
2.761560e-10
3.106670e-10
3.432596e-10
3.737419e-10
4.019149e-10
4.275904e-10
4.506546e-10
4.709158e-10
4.882921e-10
5.026770e-10
5.139356e-10
5.220322e-10
5.268994e-10
5.285337e-10
5.269030e-10
5.220286e-10
5.139178e-10
5.026628e-10
4.883027e-10
4.709264e-10
4.506511e-10
4.275975e-10
4.019078e-10
3.737242e-10
3.432561e-10
3.106635e-10
2.761631e-10
2.399538e-10
2.022738e-10
1.633218e-10
1.233929e-10
8.268231e-11
4.146372e-11
0.000000e+00
0.000000e+00
3.968381e-11
7.910472e-11
1.180354e-10
1.562448e-10
1.935057e-10
2.295515e-10
2.641976e-10
2.972058e-10
3.283951e-10
3.575416e-10
3.844818e-10
4.090595e-10
4.311218e-10
4.505161e-10
4.671463e-10
4.808989e-10
4.916529e-10
4.993979e-10
5.040768e-10
5.056222e-10
5.040768e-10
4.994050e-10
4.916600e-10
4.808953e-10
4.671357e-10
4.505303e-10
4.311396e-10
4.090666e-10
3.844960e-10
3.575416e-10
3.283844e-10
2.971952e-10
2.641869e-10
2.295479e-10
1.935021e-10
1.562626e-10
1.180389e-10
7.909762e-11
3.967671e-11
0.000000e+00
0.000000e+00
3.771561e-11
7.520384e-11
1.122231e-10
1.485496e-10
1.839737e-10
2.182645e-10
2.512088e-10
2.825900e-10
3.122445e-10
3.399627e-10
3.655778e-10
3.889582e-10
4.099334e-10
4.283720e-10
4.441745e-10
4.572449e-10
4.674945e-10
4.748628e-10
4.792930e-10
4.807781e-10
4.792930e-10
4.748628e-10
4.674909e-10
4.572591e-10
4.441780e-10
4.283756e-10
4.099263e-10
3.889653e-10
3.655849e-10
3.399663e-10
3.122445e-10
2.826006e-10
2.512088e-10
2.182539e-10
1.839844e-10
1.485567e-10
1.122338e-10
7.521805e-11
3.771916e-11
0.000000e+00
0.000000e+00
3.561240e-11
7.101875e-11
1.059846e-10
1.402860e-10
1.737632e-10
2.061356e-10
2.372502e-10
2.668941e-10
2.948930e-10
3.210729e-10
3.452705e-10
3.673399e-10
3.871428e-10
4.045724e-10
4.195080e-10
4.318288e-10
4.415028e-10
4.484697e-10
4.526512e-10
4.540492e-10
4.526548e-10
4.484679e-10
4.415170e-10
4.318395e-10
4.194884e-10
4.045759e-10
3.871570e-10
3.673435e-10
3.452705e-10
3.210729e-10
2.948930e-10
2.668905e-10
2.372431e-10
2.061356e-10
1.737561e-10
1.403038e-10
1.060023e-10
7.103296e-11
3.562306e-11
0.000000e+00
0.000000e+00
3.338840e-11
6.658496e-11
9.935874e-11
1.315215e-10
1.628671e-10
1.932072e-10
2.223679e-10
2.501466e-10
2.763940e-10
3.009468e-10
3.235989e-10
3.442970e-10
3.628600e-10
3.791882e-10
3.931824e-10
4.047411e-10
4.138254e-10
4.203411e-10
4.242633e-10
4.255796e-10
4.242722e-10
4.203464e-10
4.138165e-10
4.047500e-10
3.931770e-10
3.791918e-10
3.628688e-10
3.443059e-10
3.236202e-10
3.009291e-10
2.763905e-10
2.501466e-10
2.223715e-10
1.932037e-10
1.628599e-10
1.315108e-10
9.934453e-11
6.658141e-11
3.339551e-11
0.000000e+00
0.000000e+00
3.102940e-11
6.186696e-11
9.231016e-11
1.221956e-10
1.513349e-10
1.795293e-10
2.066223e-10
2.324398e-10
2.568186e-10
2.796092e-10
3.007052e-10
3.199219e-10
3.371667e-10
3.523457e-10
3.653451e-10
3.760814e-10
3.845297e-10
3.905818e-10
3.942375e-10
3.954508e-10
3.942286e-10
3.905853e-10
3.845244e-10
3.760974e-10
3.653398e-10
3.523475e-10
3.371792e-10
3.199236e-10
3.007017e-10
2.796288e-10
2.568292e-10
2.324327e-10
2.066294e-10
1.795399e-10
1.513243e-10
1.221991e-10
9.231726e-11
6.187051e-11
3.102230e-11
0.000000e+00
0.000000e+00
2.853540e-11
5.688250e-11
8.489920e-11
1.124185e-10
1.392166e-10
1.651586e-10
1.900702e-10
2.138201e-10
2.362519e-10
2.572378e-10
2.766178e-10
2.943104e-10
3.101750e-10
3.241389e-10
3.361009e-10
3.459864e-10
3.537419e-10
3.593126e-10
3.626699e-10
3.637890e-10
3.626646e-10
3.593126e-10
3.537401e-10
3.459828e-10
3.360956e-10
3.241425e-10
3.101839e-10
2.943139e-10
2.766285e-10
2.572360e-10
2.362555e-10
2.138272e-10
1.900773e-10
1.651586e-10
1.392166e-10
1.124114e-10
8.493117e-11
5.691092e-11
2.854605e-11
0.000000e+00
0.000000e+00
2.594192e-11
5.171685e-11
7.718270e-11
1.022009e-10
1.265583e-10
1.501448e-10
1.727898e-10
1.943832e-10
2.147758e-10
2.338520e-10
2.514735e-10
2.675549e-10
2.819771e-10
2.946727e-10
3.055458e-10
3.145324e-10
3.215845e-10
3.266472e-10
3.296989e-10
3.307186e-10
3.296954e-10
3.266489e-10
3.215828e-10
3.145306e-10
3.055405e-10
2.946745e-10
2.819824e-10
2.675549e-10
2.514788e-10
2.338503e-10
2.147793e-10
1.943903e-10
1.727987e-10
1.501448e-10
1.265619e-10
1.021903e-10
7.720757e-11
5.173462e-11
2.594902e-11
0.000000e+00
